0.0000
0.0005
0.0020
0.0044
0.0079
0.0123
0.0177
0.0241
0.0314
0.0397
0.0489
0.0591
0.0702
0.0822
0.0952
0.1090
0.1237
0.1393
0.1557
0.1729
0.1910
0.2098
0.2295
0.2499
0.2710
0.2929
0.3155
0.3387
0.3626
0.3871
0.4122
0.4379
0.4642
0.4910
0.5182
0.5460
0.5742
0.6029
0.6319
0.6613
0.6910
0.7210
0.7513
0.7819
0.8126
0.8436
0.8747
0.9059
0.9372
0.9686
1.0000
1.0314
1.0628
1.0941
1.1253
1.1564
1.1874
1.2181
1.2487
1.2790
1.3090
1.3387
1.3681
1.3971
1.4258
1.4540
1.4818
1.5090
1.5358
1.5621
1.5878
1.6129
1.6374
1.6613
1.6845
1.7071
1.7290
1.7501
1.7705
1.7902
1.8090
1.8271
1.8443
1.8607
1.8763
1.8910
1.9048
1.9178
1.9298
1.9409
1.9511
1.9603
1.9686
1.9759
1.9823
1.9877
1.9921
1.9956
1.9980
1.9995
2.0000