1.0000
0.9372
0.8747
0.8126
0.7513
0.6910
0.6319
0.5742
0.5182
0.4642
0.4122
0.3626
0.3155
0.2710
0.2295
0.1910
0.1557
0.1237
0.0952
0.0702
0.0489
0.0314
0.0177
0.0079
0.0020
0.0000
0.0020
0.0079
0.0177
0.0314
0.0489
0.0702
0.0952
0.1237
0.1557
0.1910
0.2295
0.2710
0.3155
0.3626
0.4122
0.4642
0.5182
0.5742
0.6319
0.6910
0.7513
0.8126
0.8747
0.9372
1.0000
1.0628
1.1253
1.1874
1.2487
1.3090
1.3681
1.4258
1.4818
1.5358
1.5878
1.6374
1.6845
1.7290
1.7705
1.8090
1.8443
1.8763
1.9048
1.9298
1.9511
1.9686
1.9823
1.9921
1.9980
2.0000
1.9980
1.9921
1.9823
1.9686
1.9511
1.9298
1.9048
1.8763
1.8443
1.8090
1.7705
1.7290
1.6845
1.6374
1.5878
1.5358
1.4818
1.4258
1.3681
1.3090
1.2487
1.1874
1.1253
1.0628
1.0000