1.0000
1.1253
1.2487
1.3681
1.4818
1.5878
1.6845
1.7705
1.8443
1.9048
1.9511
1.9823
1.9980
1.9980
1.9823
1.9511
1.9048
1.8443
1.7705
1.6845
1.5878
1.4818
1.3681
1.2487
1.1253
1.0000
0.8747
0.7513
0.6319
0.5182
0.4122
0.3155
0.2295
0.1557
0.0952
0.0489
0.0177
0.0020
0.0020
0.0177
0.0489
0.0952
0.1557
0.2295
0.3155
0.4122
0.5182
0.6319
0.7513
0.8747
1.0000
1.1253
1.2487
1.3681
1.4818
1.5878
1.6845
1.7705
1.8443
1.9048
1.9511
1.9823
1.9980
1.9980
1.9823
1.9511
1.9048
1.8443
1.7705
1.6845
1.5878
1.4818
1.3681
1.2487
1.1253
1.0000
0.8747
0.7513
0.6319
0.5182
0.4122
0.3155
0.2295
0.1557
0.0952
0.0489
0.0177
0.0020
0.0020
0.0177
0.0489
0.0952
0.1557
0.2295
0.3155
0.4122
0.5182
0.6319
0.7513
0.8747
1.0000