-5.458270e-01 9.314556e-01 -6.132359e-01 8.535088e-01 9.622516e-01 -5.711096e-01 -8.934169e-01 -4.419426e-01 9.317940e-02 5.332622e-01
-5.441180e-01 9.481522e-01 -5.683010e-01 8.595726e-01 9.879136e-01 -5.464799e-01 -8.901000e-01 -4.645669e-01 9.312236e-02 5.289183e-01
-5.450734e-01 9.718496e-01 -5.251981e-01 8.683110e-01 1.012427e+00 -5.236169e-01 -8.832243e-01 -4.929718e-01 9.350288e-02 5.262380e-01
-5.477910e-01 9.958572e-01 -4.843675e-01 8.767818e-01 1.034969e+00 -5.041774e-01 -8.748325e-01 -5.234570e-01 9.156734e-02 5.251013e-01
-5.519151e-01 1.017108e+00 -4.461340e-01 8.840478e-01 1.055170e+00 -4.885547e-01 -8.660323e-01 -5.543722e-01 8.633353e-02 5.248911e-01
-5.572712e-01 1.035080e+00 -4.108365e-01 8.901080e-01 1.073168e+00 -4.764871e-01 -8.575137e-01 -5.850627e-01 7.791864e-02 5.251299e-01
-5.636623e-01 1.050246e+00 -3.788537e-01 8.951847e-01 1.089265e+00 -4.675821e-01 -8.497373e-01 -6.152105e-01 6.680813e-02 5.255314e-01
-5.707585e-01 1.063209e+00 -3.505777e-01 8.994724e-01 1.103737e+00 -4.615346e-01 -8.430009e-01 -6.446171e-01 5.346643e-02 5.259257e-01
-5.780412e-01 1.074430e+00 -3.263716e-01 9.031125e-01 1.116786e+00 -4.581552e-01 -8.374631e-01 -6.731562e-01 3.819926e-02 5.262060e-01
-5.848159e-01 1.084204e+00 -3.065302e-01 9.062250e-01 1.128565e+00 -4.573371e-01 -8.331548e-01 -7.007666e-01 2.114567e-02 5.263112e-01
-5.903357e-01 1.092716e+00 -2.912385e-01 9.089390e-01 1.139204e+00 -4.590138e-01 -8.299922e-01 -7.274540e-01 2.362868e-03 5.262285e-01
-5.940459e-01 1.100118e+00 -2.805101e-01 9.114136e-01 1.148841e+00 -4.631190e-01 -8.277881e-01 -7.532857e-01 -1.799558e-02 5.260035e-01
-5.958686e-01 1.106619e+00 -2.740979e-01 9.138561e-01 1.157647e+00 -4.695329e-01 -8.262540e-01 -7.783543e-01 -3.944740e-02 5.257533e-01
-5.963371e-01 1.112547e+00 -2.714228e-01 9.165343e-01 1.165860e+00 -4.780206e-01 -8.250146e-01 -8.026996e-01 -6.106301e-02 5.256716e-01
-5.963676e-01 1.118302e+00 -2.716240e-01 9.197559e-01 1.173786e+00 -4.882126e-01 -8.236763e-01 -8.262465e-01 -8.169488e-02 5.260065e-01
-5.967379e-01 1.124198e+00 -2.737705e-01 9.238049e-01 1.181763e+00 -4.996645e-01 -8.219406e-01 -8.488334e-01 -1.004857e-01 5.269974e-01
-5.977353e-01 1.130319e+00 -2.770952e-01 9.288681e-01 1.190083e+00 -5.119391e-01 -8.196696e-01 -8.703027e-01 -1.171765e-01 5.287957e-01
-5.992374e-01 1.136546e+00 -2.810903e-01 9.350023e-01 1.198938e+00 -5.246410e-01 -8.168631e-01 -8.905549e-01 -1.319696e-01 5.314225e-01
-6.009775e-01 1.142682e+00 -2.854716e-01 9.421514e-01 1.208407e+00 -5.374221e-01 -8.135980e-01 -9.095501e-01 -1.452251e-01 5.347859e-01
-6.027168e-01 1.148550e+00 -2.901013e-01 9.501885e-01 1.218480e+00 -5.499907e-01 -8.099797e-01 -9.272943e-01 -1.572690e-01 5.387320e-01
-6.042934e-01 1.154035e+00 -2.949244e-01 9.589532e-01 1.229082e+00 -5.621220e-01 -8.061173e-01 -9.438267e-01 -1.683382e-01 5.430896e-01
-6.056123e-01 1.159076e+00 -2.999254e-01 9.682770e-01 1.240102e+00 -5.736599e-01 -8.021111e-01 -9.592080e-01 -1.785865e-01 5.476982e-01
-6.066231e-01 1.163656e+00 -3.051035e-01 9.779992e-01 1.251409e+00 -5.845100e-01 -7.980497e-01 -9.735121e-01 -1.881072e-01 5.524203e-01
-6.073019e-01 1.167782e+00 -3.104578e-01 9.879754e-01 1.262875e+00 -5.946283e-01 -7.940086e-01 -9.868197e-01 -1.969525e-01 5.571454e-01
-6.076383e-01 1.171481e+00 -3.159804e-01 9.980834e-01 1.274383e+00 -6.040091e-01 -7.900514e-01 -9.992141e-01 -2.051485e-01 5.617897e-01
-6.076284e-01 1.174783e+00 -3.216531e-01 1.008225e+00 1.285837e+00 -6.126737e-01 -7.862314e-01 -1.010779e+00 -2.127051e-01 5.662925e-01
-6.072711e-01 1.177726e+00 -3.274451e-01 1.018328e+00 1.297166e+00 -6.206622e-01 -7.825936e-01 -1.021597e+00 -2.196237e-01 5.706134e-01
-6.065662e-01 1.180347e+00 -3.333125e-01 1.028341e+00 1.308325e+00 -6.280270e-01 -7.791761e-01 -1.031750e+00 -2.259025e-01 5.747279e-01
-6.055160e-01 1.182682e+00 -3.391969e-01 1.038241e+00 1.319295e+00 -6.348283e-01 -7.760125e-01 -1.041319e+00 -2.315424e-01 5.786254e-01
-6.041265e-01 1.184767e+00 -3.450247e-01 1.048020e+00 1.330078e+00 -6.411318e-01 -7.731330e-01 -1.050387e+00 -2.365524e-01 5.823061e-01
-6.024115e-01 1.186638e+00 -3.507054e-01 1.057692e+00 1.340695e+00 -6.470066e-01 -7.705668e-01 -1.059040e+00 -2.409560e-01 5.857802e-01
-6.003967e-01 1.188332e+00 -3.561314e-01 1.067288e+00 1.351183e+00 -6.525238e-01 -7.683425e-01 -1.067368e+00 -2.447982e-01 5.890671e-01
-5.981245e-01 1.189893e+00 -3.611789e-01 1.076850e+00 1.361586e+00 -6.577554e-01 -7.664894e-01 -1.075469e+00 -2.481507e-01 5.921956e-01
-5.956576e-01 1.191368e+00 -3.657122e-01 1.086424e+00 1.371950e+00 -6.627711e-01 -7.650363e-01 -1.083445e+00 -2.511119e-01 5.952053e-01
-5.930792e-01 1.192820e+00 -3.695944e-01 1.096051e+00 1.382309e+00 -6.676347e-01 -7.640098e-01 -1.091395e+00 -2.537986e-01 5.981478e-01
-5.904901e-01 1.194323e+00 -3.727041e-01 1.105750e+00 1.392671e+00 -6.723971e-01 -7.634306e-01 -1.099410e+00 -2.563256e-01 6.010868e-01
-5.880017e-01 1.195966e+00 -3.749582e-01 1.115500e+00 1.403005e+00 -6.770902e-01 -7.633106e-01 -1.107551e+00 -2.587805e-01 6.040962e-01
-5.857271e-01 1.197842e+00 -3.763336e-01 1.125234e+00 1.413240e+00 -6.817220e-01 -7.636520e-01 -1.115845e+00 -2.612014e-01 6.072536e-01
-5.837718e-01 1.200037e+00 -3.768777e-01 1.134843e+00 1.423268e+00 -6.862761e-01 -7.644477e-01 -1.124272e+00 -2.635713e-01 6.106304e-01
-5.822242e-01 1.202613e+00 -3.767023e-01 1.144195e+00 1.432965e+00 -6.907187e-01 -7.656833e-01 -1.132775e+00 -2.658308e-01 6.142810e-01
-5.811483e-01 1.205597e+00 -3.759605e-01 1.153160e+00 1.442217e+00 -6.950078e-01 -7.673391e-01 -1.141271e+00 -2.679015e-01 6.182349e-01
-5.805787e-01 1.208978e+00 -3.748175e-01 1.161633e+00 1.450940e+00 -6.991043e-01 -7.693898e-01 -1.149669e+00 -2.697107e-01 6.224937e-01
-5.805219e-01 1.212708e+00 -3.734261e-01 1.169543e+00 1.459085e+00 -7.029783e-01 -7.718058e-01 -1.157883e+00 -2.712081e-01 6.270346e-01
-5.809610e-01 1.216717e+00 -3.719117e-01 1.176859e+00 1.466639e+00 -7.066128e-01 -7.745547e-01 -1.165843e+00 -2.723718e-01 6.318165e-01
-5.818632e-01 1.220924e+00 -3.703682e-01 1.183580e+00 1.473617e+00 -7.100027e-01 -7.776026e-01 -1.173498e+00 -2.732084e-01 6.367879e-01
-5.831866e-01 1.225247e+00 -3.688604e-01 1.189728e+00 1.480049e+00 -7.131525e-01 -7.809166e-01 -1.180817e+00 -2.737464e-01 6.418943e-01
-5.848866e-01 1.229613e+00 -3.674289e-01 1.195338e+00 1.485979e+00 -7.160730e-01 -7.844660e-01 -1.187784e+00 -2.740303e-01 6.470830e-01
-5.869194e-01 1.233962e+00 -3.660971e-01 1.200454e+00 1.491453e+00 -7.187786e-01 -7.882232e-01 -1.194399e+00 -2.741127e-01 6.523065e-01
-5.892440e-01 1.238243e+00 -3.648755e-01 1.205120e+00 1.496515e+00 -7.212856e-01 -7.921640e-01 -1.200671e+00 -2.740490e-01 6.575241e-01
-5.918236e-01 1.242423e+00 -3.637666e-01 1.209379e+00 1.501209e+00 -7.236103e-01 -7.962676e-01 -1.206612e+00 -2.738926e-01 6.627022e-01
-5.946254e-01 1.246474e+00 -3.627680e-01 1.213274e+00 1.505574e+00 -7.257684e-01 -8.005163e-01 -1.212243e+00 -2.736919e-01 6.678140e-01
-5.976205e-01 1.250382e+00 -3.618740e-01 1.216843e+00 1.509645e+00 -7.277745e-01 -8.048954e-01 -1.217583e+00 -2.734882e-01 6.728388e-01
-6.007838e-01 1.254136e+00 -3.610780e-01 1.220119e+00 1.513452e+00 -7.296421e-01 -8.093926e-01 -1.222652e+00 -2.733153e-01 6.777610e-01
-6.040934e-01 1.257732e+00 -3.603728e-01 1.223133e+00 1.517024e+00 -7.313833e-01 -8.139976e-01 -1.227472e+00 -2.731990e-01 6.825695e-01
-6.075304e-01 1.261169e+00 -3.597514e-01 1.225913e+00 1.520384e+00 -7.330090e-01 -8.187020e-01 -1.232061e+00 -2.731582e-01 6.872569e-01
-6.110787e-01 1.264448e+00 -3.592075e-01 1.228482e+00 1.523553e+00 -7.345287e-01 -8.234990e-01 -1.236438e+00 -2.732057e-01 6.918185e-01
-6.147242e-01 1.267575e+00 -3.587356e-01 1.230862e+00 1.526551e+00 -7.359513e-01 -8.283829e-01 -1.240619e+00 -2.733494e-01 6.962519e-01
-6.184552e-01 1.270554e+00 -3.583310e-01 1.233069e+00 1.529392e+00 -7.372844e-01 -8.333491e-01 -1.244620e+00 -2.735930e-01 7.005566e-01
-6.222620e-01 1.273391e+00 -3.579900e-01 1.235121e+00 1.532092e+00 -7.385349e-01 -8.383941e-01 -1.248454e+00 -2.739374e-01 7.047331e-01
-6.261363e-01 1.276092e+00 -3.577097e-01 1.237031e+00 1.534663e+00 -7.397091e-01 -8.435147e-01 -1.252135e+00 -2.743814e-01 7.087832e-01
-6.300715e-01 1.278664e+00 -3.574876e-01 1.238812e+00 1.537116e+00 -7.408125e-01 -8.487086e-01 -1.255673e+00 -2.749222e-01 7.127094e-01
-6.340622e-01 1.281113e+00 -3.573224e-01 1.240474e+00 1.539462e+00 -7.418501e-01 -8.539738e-01 -1.259079e+00 -2.755565e-01 7.165147e-01
-6.381042e-01 1.283446e+00 -3.572129e-01 1.242027e+00 1.541708e+00 -7.428265e-01 -8.593087e-01 -1.262363e+00 -2.762800e-01 7.202023e-01
-6.421942e-01 1.285669e+00 -3.571586e-01 1.243480e+00 1.543864e+00 -7.437458e-01 -8.647119e-01 -1.265533e+00 -2.770886e-01 7.237760e-01
-6.463298e-01 1.287787e+00 -3.571593e-01 1.244840e+00 1.545937e+00 -7.446118e-01 -8.701823e-01 -1.268596e+00 -2.779781e-01 7.272395e-01
-6.505093e-01 1.289806e+00 -3.572152e-01 1.246113e+00 1.547931e+00 -7.454279e-01 -8.757192e-01 -1.271560e+00 -2.789445e-01 7.305965e-01
-6.547316e-01 1.291732e+00 -3.573266e-01 1.247305e+00 1.549855e+00 -7.461972e-01 -8.813218e-01 -1.274432e+00 -2.799840e-01 7.338509e-01
-6.589963e-01 1.293569e+00 -3.574942e-01 1.248422e+00 1.551712e+00 -7.469228e-01 -8.869896e-01 -1.277216e+00 -2.810932e-01 7.370065e-01
-6.633030e-01 1.295323e+00 -3.577188e-01 1.249468e+00 1.553507e+00 -7.476072e-01 -8.927222e-01 -1.279919e+00 -2.822690e-01 7.400670e-01
-6.676521e-01 1.296997e+00 -3.580012e-01 1.250448e+00 1.555246e+00 -7.482530e-01 -8.985195e-01 -1.282545e+00 -2.835087e-01 7.430360e-01
-6.720442e-01 1.298596e+00 -3.583423e-01 1.251364e+00 1.556931e+00 -7.488625e-01 -9.043815e-01 -1.285099e+00 -2.848099e-01 7.459171e-01
-6.764800e-01 1.300124e+00 -3.587431e-01 1.252221e+00 1.558566e+00 -7.494378e-01 -9.103083e-01 -1.287585e+00 -2.861705e-01 7.487138e-01
-6.809605e-01 1.301585e+00 -3.592048e-01 1.253021e+00 1.560156e+00 -7.499811e-01 -9.163002e-01 -1.290007e+00 -2.875888e-01 7.514294e-01
-6.854870e-01 1.302981e+00 -3.597283e-01 1.253768e+00 1.561702e+00 -7.504941e-01 -9.223577e-01 -1.292368e+00 -2.890632e-01 7.540670e-01
-6.900608e-01 1.304317e+00 -3.603148e-01 1.254462e+00 1.563208e+00 -7.509788e-01 -9.284816e-01 -1.294672e+00 -2.905926e-01 7.566298e-01
-6.946833e-01 1.305595e+00 -3.609653e-01 1.255108e+00 1.564676e+00 -7.514367e-01 -9.346727e-01 -1.296922e+00 -2.921761e-01 7.591207e-01
-6.993562e-01 1.306818e+00 -3.616809e-01 1.255706e+00 1.566108e+00 -7.518696e-01 -9.409321e-01 -1.299120e+00 -2.938128e-01 7.615425e-01
-7.040810e-01 1.307989e+00 -3.624625e-01 1.256258e+00 1.567508e+00 -7.522789e-01 -9.472610e-01 -1.301269e+00 -2.955024e-01 7.638979e-01
-7.088596e-01 1.309110e+00 -3.633112e-01 1.256766e+00 1.568877e+00 -7.526662e-01 -9.536608e-01 -1.303371e+00 -2.972444e-01 7.661896e-01
-7.136937e-01 1.310184e+00 -3.642280e-01 1.257231e+00 1.570216e+00 -7.530328e-01 -9.601331e-01 -1.305430e+00 -2.990387e-01 7.684201e-01
-7.185851e-01 1.311214e+00 -3.652138e-01 1.257654e+00 1.571529e+00 -7.533800e-01 -9.666797e-01 -1.307446e+00 -3.008853e-01 7.705917e-01
-7.235358e-01 1.312200e+00 -3.662695e-01 1.258037e+00 1.572816e+00 -7.537092e-01 -9.733025e-01 -1.309423e+00 -3.027843e-01 7.727066e-01
-7.285477e-01 1.313146e+00 -3.673960e-01 1.258380e+00 1.574079e+00 -7.540215e-01 -9.800035e-01 -1.311361e+00 -3.047361e-01 7.747672e-01
-7.336228e-01 1.314054e+00 -3.685941e-01 1.258684e+00 1.575320e+00 -7.543183e-01 -9.867851e-01 -1.313262e+00 -3.067410e-01 7.767754e-01
-7.387630e-01 1.314925e+00 -3.698645e-01 1.258949e+00 1.576541e+00 -7.546006e-01 -9.936495e-01 -1.315129e+00 -3.087996e-01 7.787334e-01
-7.439704e-01 1.315761e+00 -3.712082e-01 1.259176e+00 1.577741e+00 -7.548696e-01 -1.000599e+00 -1.316961e+00 -3.109125e-01 7.806429e-01
-7.492472e-01 1.316564e+00 -3.726256e-01 1.259365e+00 1.578924e+00 -7.551264e-01 -1.007637e+00 -1.318762e+00 -3.130805e-01 7.825058e-01
-7.545954e-01 1.317336e+00 -3.741176e-01 1.259517e+00 1.580090e+00 -7.553721e-01 -1.014766e+00 -1.320531e+00 -3.153044e-01 7.843239e-01
-7.600171e-01 1.318079e+00 -3.756846e-01 1.259631e+00 1.581240e+00 -7.556078e-01 -1.021988e+00 -1.322271e+00 -3.175852e-01 7.860988e-01
-7.655146e-01 1.318793e+00 -3.773274e-01 1.259707e+00 1.582375e+00 -7.558344e-01 -1.029307e+00 -1.323982e+00 -3.199239e-01 7.878323e-01
-7.710900e-01 1.319481e+00 -3.790464e-01 1.259744e+00 1.583497e+00 -7.560531e-01 -1.036725e+00 -1.325665e+00 -3.223218e-01 7.895258e-01
-7.767457e-01 1.320144e+00 -3.808421e-01 1.259743e+00 1.584606e+00 -7.562647e-01 -1.044247e+00 -1.327320e+00 -3.247800e-01 7.911807e-01
-7.824841e-01 1.320783e+00 -3.827150e-01 1.259702e+00 1.585704e+00 -7.564705e-01 -1.051875e+00 -1.328950e+00 -3.272999e-01 7.927987e-01
-7.883074e-01 1.321401e+00 -3.846655e-01 1.259622e+00 1.586791e+00 -7.566712e-01 -1.059612e+00 -1.330554e+00 -3.298829e-01 7.943809e-01
-7.942182e-01 1.321998e+00 -3.866940e-01 1.259499e+00 1.587868e+00 -7.568680e-01 -1.067463e+00 -1.332132e+00 -3.325308e-01 7.959287e-01
-8.002190e-01 1.322577e+00 -3.888009e-01 1.259335e+00 1.588937e+00 -7.570619e-01 -1.075430e+00 -1.333686e+00 -3.352450e-01 7.974434e-01
-8.063125e-01 1.323138e+00 -3.909865e-01 1.259126e+00 1.589998e+00 -7.572537e-01 -1.083519e+00 -1.335216e+00 -3.380275e-01 7.989261e-01
-8.125013e-01 1.323683e+00 -3.932512e-01 1.258872e+00 1.591051e+00 -7.574446e-01 -1.091732e+00 -1.336721e+00 -3.408801e-01 8.003780e-01
-8.187883e-01 1.324213e+00 -3.955953e-01 1.258570e+00 1.592098e+00 -7.576354e-01 -1.100074e+00 -1.338203e+00 -3.438049e-01 8.018002e-01
-8.251763e-01 1.324731e+00 -3.980192e-01 1.258218e+00 1.593140e+00 -7.578273e-01 -1.108549e+00 -1.339661e+00 -3.468040e-01 8.031937e-01
-8.316686e-01 1.325237e+00 -4.005231e-01 1.257815e+00 1.594177e+00 -7.580212e-01 -1.117161e+00 -1.341095e+00 -3.498799e-01 8.045594e-01
-8.382682e-01 1.325733e+00 -4.031075e-01 1.257355e+00 1.595210e+00 -7.582182e-01 -1.125915e+00 -1.342504e+00 -3.530349e-01 8.058984e-01
-8.449786e-01 1.326221e+00 -4.057728e-01 1.256838e+00 1.596240e+00 -7.584192e-01 -1.134816e+00 -1.343890e+00 -3.562718e-01 8.072114e-01
-8.518033e-01 1.326702e+00 -4.085194e-01 1.256259e+00 1.597267e+00 -7.586254e-01 -1.143869e+00 -1.345251e+00 -3.595935e-01 8.084993e-01
-8.587461e-01 1.327178e+00 -4.113480e-01 1.255614e+00 1.598293e+00 -7.588378e-01 -1.153079e+00 -1.346586e+00 -3.630028e-01 8.097627e-01
-8.658108e-01 1.327649e+00 -4.142590e-01 1.254898e+00 1.599317e+00 -7.590574e-01 -1.162451e+00 -1.347895e+00 -3.665032e-01 8.110025e-01
-8.730017e-01 1.328119e+00 -4.172534e-01 1.254107e+00 1.600341e+00 -7.592855e-01 -1.171991e+00 -1.349178e+00 -3.700980e-01 8.122191e-01
-8.803232e-01 1.328588e+00 -4.203318e-01 1.253236e+00 1.601365e+00 -7.595230e-01 -1.181705e+00 -1.350433e+00 -3.737911e-01 8.134131e-01
-8.877801e-01 1.329059e+00 -4.234954e-01 1.252277e+00 1.602391e+00 -7.597712e-01 -1.191599e+00 -1.351658e+00 -3.775865e-01 8.145850e-01
-8.953774e-01 1.329532e+00 -4.267455e-01 1.251225e+00 1.603418e+00 -7.600312e-01 -1.201680e+00 -1.352853e+00 -3.814885e-01 8.157351e-01
-9.031205e-01 1.330010e+00 -4.300833e-01 1.250072e+00 1.604447e+00 -7.603043e-01 -1.211955e+00 -1.354016e+00 -3.855018e-01 8.168638e-01
-9.110152e-01 1.330494e+00 -4.335106e-01 1.248810e+00 1.605480e+00 -7.605916e-01 -1.222431e+00 -1.355145e+00 -3.896314e-01 8.179713e-01
-9.190677e-01 1.330987e+00 -4.370293e-01 1.247429e+00 1.606516e+00 -7.608945e-01 -1.233116e+00 -1.356238e+00 -3.938827e-01 8.190575e-01
-9.272847e-01 1.331489e+00 -4.406418e-01 1.245920e+00 1.607558e+00 -7.612142e-01 -1.244019e+00 -1.357292e+00 -3.982617e-01 8.201226e-01
-9.356733e-01 1.332003e+00 -4.443508e-01 1.244271e+00 1.608604e+00 -7.615522e-01 -1.255147e+00 -1.358305e+00 -4.027748e-01 8.211664e-01
-9.442414e-01 1.332531e+00 -4.481593e-01 1.242472e+00 1.609657e+00 -7.619098e-01 -1.266512e+00 -1.359274e+00 -4.074288e-01 8.221886e-01
-9.529975e-01 1.333074e+00 -4.520709e-01 1.240509e+00 1.610717e+00 -7.622884e-01 -1.278122e+00 -1.360196e+00 -4.122313e-01 8.231888e-01
-9.619505e-01 1.333635e+00 -4.560897e-01 1.238370e+00 1.611784e+00 -7.626896e-01 -1.289988e+00 -1.361066e+00 -4.171905e-01 8.241663e-01
-9.711105e-01 1.334214e+00 -4.602207e-01 1.236039e+00 1.612860e+00 -7.631148e-01 -1.302122e+00 -1.361881e+00 -4.223154e-01 8.251205e-01
-9.804881e-01 1.334814e+00 -4.644691e-01 1.233503e+00 1.613946e+00 -7.635657e-01 -1.314535e+00 -1.362635e+00 -4.276159e-01 8.260503e-01
-9.900951e-01 1.335437e+00 -4.688414e-01 1.230748e+00 1.615042e+00 -7.640439e-01 -1.327242e+00 -1.363325e+00 -4.331025e-01 8.269546e-01
-9.999442e-01 1.336084e+00 -4.733446e-01 1.227761e+00 1.616150e+00 -7.645511e-01 -1.340255e+00 -1.363943e+00 -4.387871e-01 8.278316e-01
-1.010049e+00 1.336756e+00 -4.779869e-01 1.224529e+00 1.617271e+00 -7.650890e-01 -1.353590e+00 -1.364484e+00 -4.446824e-01 8.286798e-01
-1.020424e+00 1.337456e+00 -4.827775e-01 1.221046e+00 1.618405e+00 -7.656593e-01 -1.367262e+00 -1.364941e+00 -4.508024e-01 8.294969e-01
-1.031086e+00 1.338183e+00 -4.877267e-01 1.217308e+00 1.619555e+00 -7.662640e-01 -1.381287e+00 -1.365307e+00 -4.571623e-01 8.302804e-01
-1.042051e+00 1.338940e+00 -4.928461e-01 1.213321e+00 1.620722e+00 -7.669047e-01 -1.395682e+00 -1.365574e+00 -4.637784e-01 8.310274e-01
-1.053336e+00 1.339728e+00 -4.981484e-01 1.209100e+00 1.621908e+00 -7.675834e-01 -1.410463e+00 -1.365734e+00 -4.706682e-01 8.317344e-01
-1.064959e+00 1.340546e+00 -5.036472e-01 1.204675e+00 1.623113e+00 -7.683019e-01 -1.425648e+00 -1.365776e+00 -4.778497e-01 8.323978e-01
-1.076938e+00 1.341394e+00 -5.093573e-01 1.200094e+00 1.624341e+00 -7.690619e-01 -1.441250e+00 -1.365691e+00 -4.853417e-01 8.330135e-01
-1.089287e+00 1.342274e+00 -5.152937e-01 1.195424e+00 1.625592e+00 -7.698652e-01 -1.457283e+00 -1.365468e+00 -4.931624e-01 8.335770e-01
-1.102021e+00 1.343184e+00 -5.214713e-01 1.190755e+00 1.626868e+00 -7.707133e-01 -1.473756e+00 -1.365094e+00 -5.013290e-01 8.340840e-01
-1.115150e+00 1.344123e+00 -5.279043e-01 1.186198e+00 1.628171e+00 -7.716078e-01 -1.490674e+00 -1.364555e+00 -5.098561e-01 8.345301e-01
-1.128678e+00 1.345092e+00 -5.346053e-01 1.181881e+00 1.629503e+00 -7.725499e-01 -1.508036e+00 -1.363832e+00 -5.187553e-01 8.349111e-01
-1.142605e+00 1.346088e+00 -5.415849e-01 1.177943e+00 1.630863e+00 -7.735408e-01 -1.525835e+00 -1.362905e+00 -5.280330e-01 8.352239e-01
-1.156926e+00 1.347111e+00 -5.488506e-01 1.174528e+00 1.632251e+00 -7.745812e-01 -1.544059e+00 -1.361746e+00 -5.376905e-01 8.354657e-01
-1.171628e+00 1.348158e+00 -5.564071e-01 1.171768e+00 1.633668e+00 -7.756715e-01 -1.562691e+00 -1.360324e+00 -5.477235e-01 8.356347e-01
-1.186697e+00 1.349230e+00 -5.642568e-01 1.169783e+00 1.635111e+00 -7.768117e-01 -1.581711e+00 -1.358599e+00 -5.581220e-01 8.357299e-01
-1.202116e+00 1.350323e+00 -5.724000e-01 1.168667e+00 1.636578e+00 -7.780012e-01 -1.601102e+00 -1.356524e+00 -5.688721e-01 8.357509e-01
-1.217868e+00 1.351437e+00 -5.808363e-01 1.168489e+00 1.638066e+00 -7.792389e-01 -1.620847e+00 -1.354045e+00 -5.799570e-01 8.356975e-01
-1.233941e+00 1.352568e+00 -5.895656e-01 1.169292e+00 1.639573e+00 -7.805232e-01 -1.640935e+00 -1.351100e+00 -5.913585e-01 8.355695e-01
-1.250325e+00 1.353716e+00 -5.985898e-01 1.171095e+00 1.641095e+00 -7.818513e-01 -1.661362e+00 -1.347619e+00 -6.030590e-01 8.353662e-01
-1.267017e+00 1.354876e+00 -6.079135e-01 1.173894e+00 1.642629e+00 -7.832198e-01 -1.682130e+00 -1.343526e+00 -6.150427e-01 8.350861e-01
-1.284022e+00 1.356046e+00 -6.175454e-01 1.177670e+00 1.644171e+00 -7.846240e-01 -1.703246e+00 -1.338740e+00 -6.272965e-01 8.347263e-01
-1.301349e+00 1.357222e+00 -6.274995e-01 1.182392e+00 1.645719e+00 -7.860577e-01 -1.724726e+00 -1.333182e+00 -6.398111e-01 8.342825e-01
-1.319014e+00 1.358401e+00 -6.377962e-01 1.188017e+00 1.647269e+00 -7.875129e-01 -1.746586e+00 -1.326780e+00 -6.525813e-01 8.337482e-01
-1.337040e+00 1.359578e+00 -6.484627e-01 1.194497e+00 1.648818e+00 -7.889790e-01 -1.768850e+00 -1.319487e+00 -6.656058e-01 8.331147e-01
-1.355450e+00 1.360749e+00 -6.595332e-01 1.201774e+00 1.650365e+00 -7.904423e-01 -1.791538e+00 -1.311298e+00 -6.788859e-01 8.323706e-01
-1.374268e+00 1.361909e+00 -6.710477e-01 1.209785e+00 1.651906e+00 -7.918850e-01 -1.814667e+00 -1.302284e+00 -6.924231e-01 8.315019e-01
-1.393511e+00 1.363055e+00 -6.830480e-01 1.218450e+00 1.653438e+00 -7.932844e-01 -1.838240e+00 -1.292620e+00 -7.062131e-01 8.304924e-01
-1.413174e+00 1.364183e+00 -6.955714e-01 1.227665e+00 1.654956e+00 -7.946112e-01 -1.862238e+00 -1.282606e+00 -7.202381e-01 8.293249e-01
-1.433226e+00 1.365289e+00 -7.086433e-01 1.237295e+00 1.656451e+00 -7.958284e-01 -1.886607e+00 -1.272648e+00 -7.344562e-01 8.279824e-01
-1.453598e+00 1.366369e+00 -7.222709e-01 1.247158e+00 1.657913e+00 -7.968893e-01 -1.911257e+00 -1.263200e+00 -7.487934e-01 8.264488e-01
-1.474186e+00 1.367419e+00 -7.364441e-01 1.257024e+00 1.659322e+00 -7.977361e-01 -1.936066e+00 -1.254652e+00 -7.631423e-01 8.247085e-01
-1.494865e+00 1.368432e+00 -7.511455e-01 1.266629e+00 1.660659e+00 -7.982980e-01 -1.960905e+00 -1.247232e+00 -7.773728e-01 8.227434e-01
-1.515516e+00 1.369395e+00 -7.663664e-01 1.275686e+00 1.661897e+00 -7.984918e-01 -1.985666e+00 -1.240945e+00 -7.913493e-01 8.205296e-01
-1.536037e+00 1.370286e+00 -7.821208e-01 1.283909e+00 1.663011e+00 -7.982238e-01 -2.010283e+00 -1.235586e+00 -8.049492e-01 8.180348e-01
-1.556362e+00 1.371078e+00 -7.984532e-01 1.291015e+00 1.663975e+00 -7.973943e-01 -2.034731e+00 -1.230780e+00 -8.180742e-01 8.152190e-01
-1.576444e+00 1.371731e+00 -8.154380e-01 1.296736e+00 1.664768e+00 -7.959065e-01 -2.059016e+00 -1.226046e+00 -8.306546e-01 8.120377e-01
-1.596243e+00 1.372199e+00 -8.331681e-01 1.300818e+00 1.665367e+00 -7.936810e-01 -2.083149e+00 -1.220854e+00 -8.426489e-01 8.084509e-01
-1.615689e+00 1.372426e+00 -8.517273e-01 1.303056e+00 1.665759e+00 -7.906794e-01 -2.107097e+00 -1.214708e+00 -8.540436e-01 8.044369e-01
-1.634643e+00 1.372353e+00 -8.711395e-01 1.303382e+00 1.665938e+00 -7.869350e-01 -2.130736e+00 -1.207274e+00 -8.648619e-01 8.000110e-01
-1.652881e+00 1.371919e+00 -8.913057e-01 1.302020e+00 1.665912e+00 -7.825847e-01 -2.153816e+00 -1.198588e+00 -8.751982e-01 7.952412e-01
-1.670143e+00 1.371071e+00 -9.119618e-01 1.299677e+00 1.665719e+00 -7.778829e-01 -2.176022e+00 -1.189289e+00 -8.852770e-01 7.902487e-01
-1.686219e+00 1.369769e+00 -9.326862e-01 1.297583e+00 1.665421e+00 -7.731752e-01 -2.197075e+00 -1.180692e+00 -8.954690e-01 7.851868e-01
-1.701014e+00 1.367987e+00 -9.529741e-01 1.297229e+00 1.665102e+00 -7.688262e-01 -2.216805e+00 -1.174514e+00 -9.062071e-01 7.802070e-01
-1.714587e+00 1.365710e+00 -9.723772e-01 1.299907e+00 1.664836e+00 -7.651309e-01 -2.235201e+00 -1.172349e+00 -9.178438e-01 7.754217e-01
-1.727130e+00 1.362923e+00 -9.906309e-01 1.306304e+00 1.664668e+00 -7.622549e-01 -2.252406e+00 -1.175173e+00 -9.305332e-01 7.708842e-01
-1.738903e+00 1.359595e+00 -1.007689e+00 1.316408e+00 1.664606e+00 -7.602326e-01 -2.268665e+00 -1.183173e+00 -9.442062e-01 7.665905e-01
-1.750173e+00 1.355670e+00 -1.023667e+00 1.329701e+00 1.664631e+00 -7.590075e-01 -2.284245e+00 -1.195906e+00 -9.586399e-01 7.624942e-01
-1.761167e+00 1.351053e+00 -1.038745e+00 1.345468e+00 1.664710e+00 -7.584835e-01 -2.299383e+00 -1.212624e+00 -9.735563e-01 7.585196e-01
-1.772058e+00 1.345600e+00 -1.053090e+00 1.363030e+00 1.664813e+00 -7.585634e-01 -2.314252e+00 -1.232543e+00 -9.886976e-01 7.545677e-01
-1.782976e+00 1.339094e+00 -1.066818e+00 1.381862e+00 1.664916e+00 -7.591673e-01 -2.328962e+00 -1.254998e+00 -1.003860e+00 7.505124e-01
-1.794014e+00 1.331221e+00 -1.079980e+00 1.401619e+00 1.665005e+00 -7.602380e-01 -2.343568e+00 -1.279489e+00 -1.018899e+00 7.461874e-01
-1.805244e+00 1.321520e+00 -1.092580e+00 1.422105e+00 1.665067e+00 -7.617387e-01 -2.358085e+00 -1.305663e+00 -1.033712e+00 7.413626e-01
-1.816728e+00 1.309327e+00 -1.104585e+00 1.443231e+00 1.665098e+00 -7.636488e-01 -2.372507e+00 -1.333281e+00 -1.048227e+00 7.357105e-01
-1.828521e+00 1.293775e+00 -1.115944e+00 1.464974e+00 1.665086e+00 -7.659563e-01 -2.386814e+00 -1.362168e+00 -1.062380e+00 7.287706e-01
-1.840675e+00 1.274113e+00 -1.126595e+00 1.487343e+00 1.665020e+00 -7.686390e-01 -2.400988e+00 -1.392180e+00 -1.076099e+00 7.199913e-01
-1.853225e+00 1.251251e+00 -1.136481e+00 1.510342e+00 1.664900e+00 -7.716001e-01 -2.415012e+00 -1.423134e+00 -1.089302e+00 7.091702e-01
-1.866152e+00 1.230317e+00 -1.145563e+00 1.533926e+00 1.664758e+00 -7.745899e-01 -2.428854e+00 -1.454736e+00 -1.101915e+00 6.975066e-01
-1.879371e+00 1.218002e+00 -1.153865e+00 1.557994e+00 1.664641e+00 -7.773815e-01 -2.442462e+00 -1.486632e+00 -1.113940e+00 6.872630e-01
-1.892794e+00 1.216179e+00 -1.161455e+00 1.582421e+00 1.664568e+00 -7.799363e-01 -2.455805e+00 -1.518498e+00 -1.125449e+00 6.800515e-01
-1.906357e+00 1.222266e+00 -1.168392e+00 1.607100e+00 1.664547e+00 -7.823203e-01 -2.468891e+00 -1.550106e+00 -1.136543e+00 6.761456e-01
-1.920026e+00 1.233030e+00 -1.174710e+00 1.631957e+00 1.664574e+00 -7.846434e-01 -2.481734e+00 -1.581337e+00 -1.147308e+00 6.748012e-01
-1.933778e+00 1.246173e+00 -1.180423e+00 1.656927e+00 1.664637e+00 -7.870064e-01 -2.494345e+00 -1.612135e+00 -1.157806e+00 6.750501e-01
-1.947598e+00 1.260314e+00 -1.185539e+00 1.681935e+00 1.664720e+00 -7.894748e-01 -2.506732e+00 -1.642460e+00 -1.168067e+00 6.761048e-01
-1.961473e+00 1.274688e+00 -1.190071e+00 1.706888e+00 1.664814e+00 -7.920791e-01 -2.518905e+00 -1.672267e+00 -1.178099e+00 6.774155e-01
-1.975389e+00 1.288898e+00 -1.194034e+00 1.731682e+00 1.664907e+00 -7.948238e-01 -2.530875e+00 -1.701501e+00 -1.187891e+00 6.786136e-01
-1.989329e+00 1.302758e+00 -1.197445e+00 1.756209e+00 1.664992e+00 -7.976968e-01 -2.542649e+00 -1.730102e+00 -1.197422e+00 6.794477e-01
-2.003273e+00 1.316199e+00 -1.200327e+00 1.780357e+00 1.665062e+00 -8.006771e-01 -2.554232e+00 -1.758005e+00 -1.206664e+00 6.797383e-01
-2.017190e+00 1.329217e+00 -1.202702e+00 1.804022e+00 1.665109e+00 -8.037404e-01 -2.565615e+00 -1.785150e+00 -1.215578e+00 6.793495e-01
-2.031030e+00 1.341838e+00 -1.204592e+00 1.827101e+00 1.665127e+00 -8.068623e-01 -2.576762e+00 -1.811474e+00 -1.224115e+00 6.781724e-01
-2.044706e+00 1.354110e+00 -1.206020e+00 1.849492e+00 1.665107e+00 -8.100219e-01 -2.587583e+00 -1.836908e+00 -1.232201e+00 6.761149e-01
-2.058063e+00 1.366085e+00 -1.207004e+00 1.871088e+00 1.665031e+00 -8.132037e-01 -2.597883e+00 -1.861370e+00 -1.239722e+00 6.730945e-01
-2.070803e+00 1.377818e+00 -1.207547e+00 1.891775e+00 1.664871e+00 -8.163995e-01 -2.607256e+00 -1.884739e+00 -1.246486e+00 6.690322e-01
-2.082332e+00 1.389355e+00 -1.207610e+00 1.911400e+00 1.664566e+00 -8.196065e-01 -2.614860e+00 -1.906814e+00 -1.252141e+00 6.638454e-01
-2.091514e+00 1.400724e+00 -1.207072e+00 1.929765e+00 1.663998e+00 -8.228228e-01 -2.619058e+00 -1.927248e+00 -1.256073e+00 6.574341e-01
-2.098387e+00 1.411901e+00 -1.206398e+00 1.947164e+00 1.663145e+00 -8.261965e-01 -2.619848e+00 -1.946051e+00 -1.258447e+00 6.496060e-01
-2.112304e+00 1.422947e+00 -1.209199e+00 1.966340e+00 1.662908e+00 -8.305961e-01 -2.630403e+00 -1.965898e+00 -1.264649e+00 6.399759e-01
-2.114855e+00 1.434764e+00 -1.207600e+00 1.982789e+00 1.661601e+00 -8.337743e-01 -2.624915e+00 -1.982895e+00 -1.264568e+00 6.293832e-01
-2.154856e+00 1.445268e+00 -1.220718e+00 2.009063e+00 1.663688e+00 -8.410986e-01 -2.672451e+00 -2.009221e+00 -1.285433e+00 6.152394e-01
-2.115793e+00 1.459772e+00 -1.199196e+00 2.015475e+00 1.658357e+00 -8.382822e-01 -2.608555e+00 -2.017773e+00 -1.262763e+00 6.032510e-01
-2.153416e+00 1.465275e+00 -1.219616e+00 2.035757e+00 1.659631e+00 -8.510694e-01 -2.651805e+00 -2.033166e+00 -1.278484e+00 5.820819e-01
-2.176881e+00 1.482308e+00 -1.229166e+00 2.055678e+00 1.660574e+00 -8.586169e-01 -2.675644e+00 -2.050301e+00 -1.287479e+00 5.636696e-01
-2.141342e+00 1.496367e+00 -1.211424e+00 2.067468e+00 1.655468e+00 -8.560257e-01 -2.615986e+00 -2.062396e+00 -1.269257e+00 5.434353e-01
-2.221123e+00 1.502241e+00 -1.244722e+00 2.106774e+00 1.660911e+00 -8.707517e-01 -2.718873e+00 -2.100930e+00 -1.310219e+00 5.130582e-01
-2.154422e+00 1.523966e+00 -1.215028e+00 2.103048e+00 1.652382e+00 -8.637244e-01 -2.613424e+00 -2.099287e+00 -1.272713e+00 4.889027e-01
-2.132186e+00 1.530464e+00 -1.219718e+00 2.112435e+00 1.646775e+00 -8.693440e-01 -2.572752e+00 -2.102032e+00 -1.259442e+00 4.545571e-01
-2.273976e+00 1.545638e+00 -1.278130e+00 2.200946e+00 1.658419e+00 -8.923294e-01 -2.750971e+00 -2.190829e+00 -1.338325e+00 4.155165e-01
-2.292403e+00 1.571645e+00 -1.282572e+00 2.189466e+00 1.656939e+00 -8.970312e-01 -2.764176e+00 -2.188853e+00 -1.328755e+00 3.830209e-01
-2.285239e+00 1.599268e+00 -1.276367e+00 2.182784e+00 1.653635e+00 -8.962464e-01 -2.739931e+00 -2.187659e+00 -1.311916e+00 3.535206e-01
-2.258250e+00 1.619611e+00 -1.264591e+00 2.175512e+00 1.647896e+00 -8.951200e-01 -2.687258e+00 -2.175585e+00 -1.287777e+00 3.242934e-01
-2.330202e+00 1.637874e+00 -1.295251e+00 2.206787e+00 1.653111e+00 -9.123965e-01 -2.773494e+00 -2.201043e+00 -1.315301e+00 2.934050e-01
-2.290491e+00 1.667870e+00 -1.273734e+00 2.208830e+00 1.646945e+00 -9.031365e-01 -2.701311e+00 -2.202075e+00 -1.292391e+00 2.696453e-01
-2.353012e+00 1.685020e+00 -1.298952e+00 2.236540e+00 1.650672e+00 -9.189271e-01 -2.766388e+00 -2.225324e+00 -1.312110e+00 2.429190e-01
-2.328393e+00 1.715156e+00 -1.281509e+00 2.235749e+00 1.644605e+00 -9.114291e-01 -2.699452e+00 -2.222714e+00 -1.288336e+00 2.212343e-01
-2.420122e+00 1.733403e+00 -1.322073e+00 2.280253e+00 1.652779e+00 -9.326458e-01 -2.830437e+00 -2.269339e+00 -1.329744e+00 1.945166e-01
-2.391927e+00 1.769257e+00 -1.302701e+00 2.269837e+00 1.647585e+00 -9.227341e-01 -2.765912e+00 -2.264520e+00 -1.303467e+00 1.748526e-01
-2.413050e+00 1.788977e+00 -1.310906e+00 2.277316e+00 1.647435e+00 -9.303075e-01 -2.772782e+00 -2.269051e+00 -1.302809e+00 1.507623e-01
-2.426446e+00 1.812843e+00 -1.314082e+00 2.288208e+00 1.647127e+00 -9.342395e-01 -2.764086e+00 -2.275079e+00 -1.301165e+00 1.253134e-01
-2.482138e+00 1.832516e+00 -1.337469e+00 2.324516e+00 1.653309e+00 -9.471741e-01 -2.842762e+00 -2.314859e+00 -1.324113e+00 9.492522e-02
-2.462051e+00 1.853989e+00 -1.320909e+00 2.319307e+00 1.648913e+00 -9.391758e-01 -2.787083e+00 -2.314220e+00 -1.303148e+00 6.401757e-02
-2.525912e+00 1.867420e+00 -1.348800e+00 2.352014e+00 1.655813e+00 -9.556013e-01 -2.886720e+00 -2.357600e+00 -1.321312e+00 2.212831e-02
-2.493401e+00 1.887449e+00 -1.324009e+00 2.330467e+00 1.648750e+00 -9.440880e-01 -2.795746e+00 -2.342745e+00 -1.285249e+00 -2.010189e-02
-2.567800e+00 1.897936e+00 -1.356533e+00 2.354063e+00 1.655832e+00 -9.653635e-01 -2.881548e+00 -2.374858e+00 -1.291142e+00 -7.802590e-02
-2.539024e+00 1.915721e+00 -1.334582e+00 2.333307e+00 1.649636e+00 -9.532336e-01 -2.795215e+00 -2.357188e+00 -1.252390e+00 -1.341030e-01
-2.614781e+00 1.924914e+00 -1.370102e+00 2.363532e+00 1.658918e+00 -9.742306e-01 -2.888538e+00 -2.397658e+00 -1.249082e+00 -2.045446e-01
-2.596589e+00 1.940604e+00 -1.355208e+00 2.343863e+00 1.655735e+00 -9.624737e-01 -2.833095e+00 -2.386022e+00 -1.203654e+00 -2.653245e-01
-2.653376e+00 1.950445e+00 -1.386231e+00 2.373057e+00 1.666284e+00 -9.780675e-01 -2.946223e+00 -2.437536e+00 -1.186156e+00 -3.350197e-01
-2.653650e+00 1.964696e+00 -1.379834e+00 2.353358e+00 1.666960e+00 -9.695437e-01 -2.946260e+00 -2.446132e+00 -1.140765e+00 -3.921320e-01
-2.598316e+00 1.976050e+00 -1.343515e+00 2.310283e+00 1.655627e+00 -9.542254e-01 -2.811692e+00 -2.397201e+00 -1.106651e+00 -4.498225e-01
-2.648004e+00 1.984653e+00 -1.364842e+00 2.331584e+00 1.659518e+00 -9.693497e-01 -2.812948e+00 -2.406219e+00 -1.114882e+00 -5.198965e-01
-2.712333e+00 1.995036e+00 -1.404337e+00 2.357860e+00 1.671204e+00 -9.919767e-01 -2.899087e+00 -2.438055e+00 -1.115184e+00 -5.769358e-01
-2.729553e+00 2.005773e+00 -1.411634e+00 2.346879e+00 1.674387e+00 -9.921704e-01 -2.899780e+00 -2.434681e+00 -1.098902e+00 -6.162022e-01
-2.750325e+00 2.013754e+00 -1.421831e+00 2.351983e+00 1.678930e+00 -9.991458e-01 -2.922643e+00 -2.448408e+00 -1.097757e+00 -6.570882e-01
-2.742653e+00 2.020787e+00 -1.417733e+00 2.346761e+00 1.678340e+00 -1.000908e+00 -2.908864e+00 -2.450513e+00 -1.097806e+00 -6.920198e-01
-2.758729e+00 2.026531e+00 -1.422741e+00 2.341420e+00 1.679145e+00 -1.006889e+00 -2.898175e+00 -2.445694e+00 -1.105159e+00 -7.273536e-01
-2.773265e+00 2.031735e+00 -1.426265e+00 2.341421e+00 1.679609e+00 -1.011401e+00 -2.878039e+00 -2.440302e+00 -1.114347e+00 -7.586689e-01
-2.795760e+00 2.036045e+00 -1.438050e+00 2.352815e+00 1.682812e+00 -1.022163e+00 -2.886854e+00 -2.447776e+00 -1.125797e+00 -7.878025e-01
-2.811349e+00 2.040026e+00 -1.444158e+00 2.358715e+00 1.684201e+00 -1.028147e+00 -2.878252e+00 -2.449860e+00 -1.132037e+00 -8.108177e-01
-2.829148e+00 2.043378e+00 -1.453085e+00 2.368202e+00 1.686325e+00 -1.036889e+00 -2.879992e+00 -2.456771e+00 -1.139140e+00 -8.322951e-01
-2.845959e+00 2.046376e+00 -1.462189e+00 2.377246e+00 1.688486e+00 -1.045660e+00 -2.886490e+00 -2.465926e+00 -1.143916e+00 -8.506114e-01
-2.863376e+00 2.049043e+00 -1.473771e+00 2.389004e+00 1.691714e+00 -1.056330e+00 -2.913122e+00 -2.484723e+00 -1.146520e+00 -8.661103e-01
-2.861384e+00 2.051603e+00 -1.475551e+00 2.390704e+00 1.691433e+00 -1.061421e+00 -2.929449e+00 -2.498091e+00 -1.144430e+00 -8.765910e-01
-2.847735e+00 2.053941e+00 -1.466647e+00 2.371901e+00 1.685616e+00 -1.060474e+00 -2.889896e+00 -2.478764e+00 -1.143021e+00 -8.860519e-01
-2.877271e+00 2.055694e+00 -1.475718e+00 2.376313e+00 1.686471e+00 -1.067341e+00 -2.875423e+00 -2.477451e+00 -1.151039e+00 -9.012303e-01
-2.906438e+00 2.057232e+00 -1.492484e+00 2.392735e+00 1.690700e+00 -1.080583e+00 -2.900055e+00 -2.492221e+00 -1.156930e+00 -9.140854e-01
-2.928184e+00 2.058770e+00 -1.507672e+00 2.413685e+00 1.695768e+00 -1.092499e+00 -2.947662e+00 -2.524378e+00 -1.155093e+00 -9.210367e-01
-2.904280e+00 2.060570e+00 -1.489236e+00 2.387795e+00 1.686832e+00 -1.082107e+00 -2.889570e+00 -2.495836e+00 -1.146750e+00 -9.219446e-01
-2.937087e+00 2.061577e+00 -1.502406e+00 2.396721e+00 1.689136e+00 -1.092892e+00 -2.890490e+00 -2.500570e+00 -1.156592e+00 -9.351102e-01
-2.962698e+00 2.062627e+00 -1.515426e+00 2.409949e+00 1.692415e+00 -1.102728e+00 -2.905027e+00 -2.513066e+00 -1.159807e+00 -9.435239e-01
-2.981143e+00 2.063577e+00 -1.533948e+00 2.444435e+00 1.699249e+00 -1.118744e+00 -2.981947e+00 -2.565382e+00 -1.158686e+00 -9.483231e-01
-2.980858e+00 2.064964e+00 -1.532665e+00 2.434147e+00 1.697202e+00 -1.118987e+00 -3.003527e+00 -2.588718e+00 -1.146588e+00 -9.456010e-01
-2.989259e+00 2.066344e+00 -1.532388e+00 2.406509e+00 1.694200e+00 -1.118605e+00 -3.007882e+00 -2.600206e+00 -1.139051e+00 -9.444235e-01
-2.997666e+00 2.067584e+00 -1.534368e+00 2.379635e+00 1.692072e+00 -1.119251e+00 -3.019887e+00 -2.612567e+00 -1.135781e+00 -9.438907e-01
-3.003199e+00 2.068696e+00 -1.534925e+00 2.353466e+00 1.689705e+00 -1.119198e+00 -3.029432e+00 -2.622330e+00 -1.135993e+00 -9.439747e-01
-3.007728e+00 2.069645e+00 -1.535089e+00 2.329470e+00 1.687236e+00 -1.119971e+00 -3.035828e+00 -2.627823e+00 -1.140544e+00 -9.459817e-01
-3.016817e+00 2.070397e+00 -1.537848e+00 2.311249e+00 1.686079e+00 -1.122817e+00 -3.045697e+00 -2.634297e+00 -1.148584e+00 -9.500725e-01
-3.016463e+00 2.071099e+00 -1.534978e+00 2.295252e+00 1.682758e+00 -1.123867e+00 -3.038307e+00 -2.628316e+00 -1.157584e+00 -9.545859e-01
-3.011369e+00 2.071621e+00 -1.531348e+00 2.288481e+00 1.678629e+00 -1.127685e+00 -3.023604e+00 -2.610945e+00 -1.170090e+00 -9.617320e-01
-3.027766e+00 2.072122e+00 -1.521921e+00 2.293621e+00 1.674832e+00 -1.116246e+00 -2.965633e+00 -2.601774e+00 -1.184206e+00 -9.716780e-01
-3.080454e+00 2.071847e+00 -1.561727e+00 2.319414e+00 1.687046e+00 -1.148881e+00 -3.052524e+00 -2.643386e+00 -1.206196e+00 -9.901800e-01
-3.056166e+00 2.072652e+00 -1.545867e+00 2.300870e+00 1.677896e+00 -1.140518e+00 -3.015440e+00 -2.609599e+00 -1.196319e+00 -9.849901e-01
-3.056363e+00 2.073107e+00 -1.534749e+00 2.299568e+00 1.670964e+00 -1.130461e+00 -2.941807e+00 -2.569960e+00 -1.204062e+00 -9.916452e-01
-3.116390e+00 2.072442e+00 -1.583743e+00 2.373776e+00 1.690429e+00 -1.172197e+00 -3.076530e+00 -2.649219e+00 -1.225279e+00 -1.010180e+00
-3.098725e+00 2.073298e+00 -1.568995e+00 2.350734e+00 1.681419e+00 -1.163044e+00 -3.046873e+00 -2.626433e+00 -1.205695e+00 -1.000613e+00
-3.112731e+00 2.073872e+00 -1.556517e+00 2.338438e+00 1.674988e+00 -1.148045e+00 -2.974758e+00 -2.603438e+00 -1.203842e+00 -1.002073e+00
-3.164245e+00 2.073650e+00 -1.593629e+00 2.369510e+00 1.687141e+00 -1.177554e+00 -3.035969e+00 -2.636552e+00 -1.218522e+00 -1.016386e+00
-3.173303e+00 2.073926e+00 -1.605637e+00 2.384027e+00 1.691803e+00 -1.184964e+00 -3.085545e+00 -2.668530e+00 -1.206650e+00 -1.010749e+00
-3.151071e+00 2.074554e+00 -1.590807e+00 2.371733e+00 1.683431e+00 -1.177732e+00 -3.078567e+00 -2.661120e+00 -1.194799e+00 -1.003535e+00
-3.182322e+00 2.074672e+00 -1.614070e+00 2.382632e+00 1.691074e+00 -1.195304e+00 -3.153288e+00 -2.707856e+00 -1.197407e+00 -1.006681e+00
-3.163789e+00 2.076117e+00 -1.586087e+00 2.334210e+00 1.675995e+00 -1.168531e+00 -3.065511e+00 -2.671139e+00 -1.186239e+00 -9.983902e-01
-3.171978e+00 2.076606e+00 -1.581463e+00 2.313625e+00 1.668895e+00 -1.162871e+00 -3.002084e+00 -2.629308e+00 -1.201110e+00 -1.008386e+00
-3.227451e+00 2.075900e+00 -1.625788e+00 2.369008e+00 1.687783e+00 -1.197342e+00 -3.090968e+00 -2.682612e+00 -1.220921e+00 -1.023795e+00
-3.210773e+00 2.076201e+00 -1.613996e+00 2.361591e+00 1.680986e+00 -1.189715e+00 -3.078401e+00 -2.662894e+00 -1.208124e+00 -1.015499e+00
-3.212792e+00 2.076633e+00 -1.602870e+00 2.347354e+00 1.673594e+00 -1.178673e+00 -3.018042e+00 -2.624296e+00 -1.211186e+00 -1.017953e+00
-3.263743e+00 2.076065e+00 -1.637386e+00 2.399285e+00 1.689411e+00 -1.206430e+00 -3.077374e+00 -2.667874e+00 -1.227831e+00 -1.031971e+00
-3.262256e+00 2.076027e+00 -1.644057e+00 2.425793e+00 1.692450e+00 -1.213938e+00 -3.126698e+00 -2.701097e+00 -1.218810e+00 -1.027824e+00
-3.244918e+00 2.076550e+00 -1.628166e+00 2.399781e+00 1.680855e+00 -1.206913e+00 -3.098980e+00 -2.672470e+00 -1.208747e+00 -1.022474e+00
-3.279905e+00 2.076724e+00 -1.622948e+00 2.387017e+00 1.679261e+00 -1.196363e+00 -3.044988e+00 -2.664099e+00 -1.211712e+00 -1.026461e+00
-3.309057e+00 2.076270e+00 -1.661810e+00 2.435778e+00 1.694142e+00 -1.230341e+00 -3.143468e+00 -2.720206e+00 -1.222960e+00 -1.036680e+00
-3.282477e+00 2.076857e+00 -1.642496e+00 2.397077e+00 1.679405e+00 -1.217183e+00 -3.107232e+00 -2.673725e+00 -1.205243e+00 -1.024927e+00
-3.313105e+00 2.077023e+00 -1.642955e+00 2.390953e+00 1.679903e+00 -1.210665e+00 -3.067440e+00 -2.658401e+00 -1.208602e+00 -1.027269e+00
-3.356442e+00 2.076378e+00 -1.684389e+00 2.454396e+00 1.700184e+00 -1.244100e+00 -3.160030e+00 -2.722739e+00 -1.219863e+00 -1.036350e+00
-3.334613e+00 2.076676e+00 -1.672090e+00 2.443999e+00 1.691879e+00 -1.236057e+00 -3.161920e+00 -2.717352e+00 -1.203619e+00 -1.024706e+00
-3.353113e+00 2.076828e+00 -1.684763e+00 2.444412e+00 1.694766e+00 -1.246954e+00 -3.189394e+00 -2.731769e+00 -1.202342e+00 -1.023405e+00
-3.372948e+00 2.076944e+00 -1.693580e+00 2.442147e+00 1.698440e+00 -1.251113e+00 -3.207000e+00 -2.751785e+00 -1.196547e+00 -1.017869e+00
-3.371703e+00 2.077623e+00 -1.682758e+00 2.409922e+00 1.690042e+00 -1.239133e+00 -3.168992e+00 -2.726544e+00 -1.191995e+00 -1.011198e+00
-3.365754e+00 2.077442e+00 -1.678454e+00 2.409283e+00 1.685484e+00 -1.240150e+00 -3.160708e+00 -2.702923e+00 -1.201632e+00 -1.014654e+00
-3.419464e+00 2.076574e+00 -1.683921e+00 2.446741e+00 1.699002e+00 -1.239168e+00 -3.160877e+00 -2.758495e+00 -1.214753e+00 -1.023303e+00
-3.422137e+00 2.076685e+00 -1.701665e+00 2.437808e+00 1.699379e+00 -1.257393e+00 -3.199043e+00 -2.767184e+00 -1.222925e+00 -1.029707e+00
-3.410522e+00 2.077003e+00 -1.695346e+00 2.402703e+00 1.689511e+00 -1.252822e+00 -3.174746e+00 -2.723189e+00 -1.214974e+00 -1.022585e+00
-3.448580e+00 2.076752e+00 -1.699055e+00 2.410306e+00 1.696085e+00 -1.247448e+00 -3.150621e+00 -2.723939e+00 -1.219030e+00 -1.023275e+00
-3.461565e+00 2.076462e+00 -1.706505e+00 2.415093e+00 1.698239e+00 -1.252361e+00 -3.147858e+00 -2.704480e+00 -1.228407e+00 -1.028166e+00
-3.471907e+00 2.075923e+00 -1.711608e+00 2.435276e+00 1.702062e+00 -1.256333e+00 -3.152025e+00 -2.695588e+00 -1.235403e+00 -1.031680e+00
-3.481161e+00 2.075379e+00 -1.713954e+00 2.454513e+00 1.704961e+00 -1.259554e+00 -3.153538e+00 -2.689141e+00 -1.241760e+00 -1.035715e+00
-3.497058e+00 2.074678e+00 -1.735488e+00 2.514802e+00 1.717839e+00 -1.281279e+00 -3.216318e+00 -2.734003e+00 -1.247902e+00 -1.040764e+00
-3.509775e+00 2.074311e+00 -1.747522e+00 2.547364e+00 1.725664e+00 -1.293405e+00 -3.256881e+00 -2.776869e+00 -1.237572e+00 -1.035367e+00
-3.502640e+00 2.074888e+00 -1.727334e+00 2.501172e+00 1.712060e+00 -1.277031e+00 -3.206500e+00 -2.747341e+00 -1.220882e+00 -1.023583e+00
-3.515266e+00 2.074989e+00 -1.721617e+00 2.470370e+00 1.707655e+00 -1.269582e+00 -3.168845e+00 -2.716039e+00 -1.219775e+00 -1.021167e+00
-3.535317e+00 2.074088e+00 -1.758072e+00 2.553388e+00 1.728593e+00 -1.301975e+00 -3.275090e+00 -2.789844e+00 -1.226897e+00 -1.024122e+00
-3.543143e+00 2.073984e+00 -1.771043e+00 2.578367e+00 1.735107e+00 -1.310264e+00 -3.332089e+00 -2.841997e+00 -1.209861e+00 -1.009432e+00
-3.471362e+00 2.074407e+00 -1.691238e+00 2.450104e+00 1.688547e+00 -1.251786e+00 -3.165010e+00 -2.728283e+00 -1.190298e+00 -9.899013e-01
-3.553263e+00 2.074426e+00 -1.736114e+00 2.480280e+00 1.713099e+00 -1.286411e+00 -3.198609e+00 -2.741395e+00 -1.225398e+00 -1.011252e+00
-3.596257e+00 2.073312e+00 -1.785272e+00 2.557130e+00 1.742983e+00 -1.320860e+00 -3.299409e+00 -2.809317e+00 -1.225696e+00 -1.006794e+00
-3.571669e+00 2.072999e+00 -1.770651e+00 2.543713e+00 1.734670e+00 -1.306035e+00 -3.296648e+00 -2.795597e+00 -1.201779e+00 -9.817489e-01
-3.602033e+00 2.072541e+00 -1.802706e+00 2.597527e+00 1.753461e+00 -1.329543e+00 -3.388507e+00 -2.863273e+00 -1.202839e+00 -9.739735e-01
-3.516925e+00 2.072017e+00 -1.720393e+00 2.480894e+00 1.708113e+00 -1.263477e+00 -3.223404e+00 -2.754610e+00 -1.187992e+00 -9.525127e-01
-3.607602e+00 2.072235e+00 -1.762894e+00 2.509750e+00 1.734308e+00 -1.300866e+00 -3.244736e+00 -2.764565e+00 -1.228446e+00 -9.720946e-01
-3.656937e+00 2.070810e+00 -1.813968e+00 2.598481e+00 1.767438e+00 -1.339025e+00 -3.351707e+00 -2.838981e+00 -1.237255e+00 -9.687077e-01
-3.636754e+00 2.070109e+00 -1.803301e+00 2.596744e+00 1.762913e+00 -1.326939e+00 -3.362898e+00 -2.840307e+00 -1.213655e+00 -9.388977e-01
-3.668348e+00 2.069667e+00 -1.821735e+00 2.613204e+00 1.776032e+00 -1.337549e+00 -3.396647e+00 -2.877121e+00 -1.210493e+00 -9.224244e-01
-3.668282e+00 2.069372e+00 -1.798589e+00 2.566962e+00 1.766789e+00 -1.312072e+00 -3.339549e+00 -2.854446e+00 -1.200958e+00 -8.981503e-01
-3.674221e+00 2.068519e+00 -1.815199e+00 2.586750e+00 1.774985e+00 -1.325479e+00 -3.388691e+00 -2.875698e+00 -1.212954e+00 -8.872358e-01
-3.648594e+00 2.067645e+00 -1.792637e+00 2.536257e+00 1.759717e+00 -1.305279e+00 -3.339209e+00 -2.810306e+00 -1.212433e+00 -8.645068e-01
-3.695612e+00 2.066296e+00 -1.829578e+00 2.603424e+00 1.785369e+00 -1.333204e+00 -3.424485e+00 -2.860893e+00 -1.231890e+00 -8.530079e-01
-3.664957e+00 2.064567e+00 -1.805278e+00 2.584958e+00 1.774648e+00 -1.310833e+00 -3.397322e+00 -2.832879e+00 -1.223716e+00 -8.181230e-01
-3.749336e+00 2.062248e+00 -1.824676e+00 2.688992e+00 1.813299e+00 -1.323610e+00 -3.472108e+00 -2.966657e+00 -1.238428e+00 -7.970467e-01
-3.687485e+00 2.061637e+00 -1.770317e+00 2.553956e+00 1.772821e+00 -1.283446e+00 -3.360759e+00 -2.866346e+00 -1.235447e+00 -7.614230e-01
-3.756125e+00 2.060021e+00 -1.837436e+00 2.613128e+00 1.807197e+00 -1.331232e+00 -3.484142e+00 -2.929718e+00 -1.251321e+00 -7.300715e-01
-3.766099e+00 2.057740e+00 -1.831244e+00 2.557625e+00 1.805113e+00 -1.306112e+00 -3.443868e+00 -2.890012e+00 -1.225548e+00 -6.618991e-01
-3.752424e+00 2.054509e+00 -1.814383e+00 2.554391e+00 1.803289e+00 -1.284921e+00 -3.413745e+00 -2.847469e+00 -1.228378e+00 -6.032759e-01
-3.796793e+00 2.051084e+00 -1.817181e+00 2.593172e+00 1.822091e+00 -1.280686e+00 -3.412165e+00 -2.871256e+00 -1.257009e+00 -5.536330e-01
-3.811081e+00 2.047242e+00 -1.837292e+00 2.637569e+00 1.838031e+00 -1.293752e+00 -3.467715e+00 -2.906350e+00 -1.277243e+00 -4.893211e-01
-3.817466e+00 2.043223e+00 -1.851438e+00 2.679534e+00 1.851801e+00 -1.298340e+00 -3.535913e+00 -2.963723e+00 -1.273808e+00 -4.032989e-01
-3.706910e+00 2.038963e+00 -1.757303e+00 2.568129e+00 1.810475e+00 -1.216800e+00 -3.386459e+00 -2.863491e+00 -1.259524e+00 -3.093297e-01
-3.842332e+00 2.036929e+00 -1.822855e+00 2.652871e+00 1.849556e+00 -1.267164e+00 -3.467889e+00 -2.943223e+00 -1.303568e+00 -2.398513e-01
-3.845946e+00 2.034117e+00 -1.836685e+00 2.633056e+00 1.852310e+00 -1.268942e+00 -3.494398e+00 -2.935262e+00 -1.294601e+00 -1.495125e-01
-3.842402e+00 2.031336e+00 -1.831907e+00 2.609783e+00 1.850166e+00 -1.252623e+00 -3.483577e+00 -2.901319e+00 -1.275944e+00 -6.601779e-02
-3.870062e+00 2.029572e+00 -1.835772e+00 2.615593e+00 1.857729e+00 -1.242197e+00 -3.477321e+00 -2.889147e+00 -1.275324e+00 -3.394167e-03
-3.882163e+00 2.027463e+00 -1.838635e+00 2.650896e+00 1.866060e+00 -1.236949e+00 -3.494739e+00 -2.902558e+00 -1.278487e+00 4.532165e-02
-3.885930e+00 2.026188e+00 -1.842643e+00 2.687404e+00 1.872550e+00 -1.239714e+00 -3.527960e+00 -2.928540e+00 -1.281051e+00 8.139437e-02
-3.903797e+00 2.025630e+00 -1.854012e+00 2.708770e+00 1.880645e+00 -1.246593e+00 -3.558645e+00 -2.961543e+00 -1.276763e+00 1.081652e-01
-3.908878e+00 2.025423e+00 -1.834274e+00 2.668644e+00 1.872428e+00 -1.223869e+00 -3.507162e+00 -2.944827e+00 -1.259570e+00 1.282687e-01
-3.911327e+00 2.025510e+00 -1.846722e+00 2.678645e+00 1.875219e+00 -1.233546e+00 -3.539933e+00 -2.953498e+00 -1.260346e+00 1.376423e-01
-3.924987e+00 2.025472e+00 -1.859047e+00 2.681645e+00 1.880029e+00 -1.238832e+00 -3.562306e+00 -2.964204e+00 -1.249405e+00 1.451914e-01
-3.897028e+00 2.025398e+00 -1.839770e+00 2.653162e+00 1.866075e+00 -1.221357e+00 -3.530427e+00 -2.924214e+00 -1.234843e+00 1.495766e-01
-3.962787e+00 2.025120e+00 -1.859750e+00 2.717397e+00 1.890943e+00 -1.235828e+00 -3.570918e+00 -3.009761e+00 -1.244310e+00 1.489939e-01
-3.972101e+00 2.026000e+00 -1.880765e+00 2.697264e+00 1.892846e+00 -1.249532e+00 -3.600017e+00 -3.026396e+00 -1.237950e+00 1.501265e-01
-3.975692e+00 2.026436e+00 -1.887306e+00 2.665664e+00 1.891284e+00 -1.243931e+00 -3.602904e+00 -3.029006e+00 -1.213517e+00 1.498065e-01
-3.982441e+00 2.026831e+00 -1.895352e+00 2.653003e+00 1.893977e+00 -1.240319e+00 -3.617528e+00 -3.044106e+00 -1.201419e+00 1.479785e-01
-3.982546e+00 2.027186e+00 -1.901437e+00 2.648640e+00 1.896196e+00 -1.239521e+00 -3.645252e+00 -3.067992e+00 -1.200565e+00 1.453377e-01
-3.864555e+00 2.026334e+00 -1.831948e+00 2.580765e+00 1.857840e+00 -1.188287e+00 -3.535635e+00 -2.972838e+00 -1.204926e+00 1.425401e-01
-3.994815e+00 2.028286e+00 -1.871790e+00 2.614362e+00 1.883552e+00 -1.225446e+00 -3.515681e+00 -2.990272e+00 -1.245505e+00 1.336109e-01
-4.017583e+00 2.028304e+00 -1.910106e+00 2.657985e+00 1.899843e+00 -1.261408e+00 -3.588268e+00 -3.024995e+00 -1.269308e+00 1.358397e-01
-4.025902e+00 2.027855e+00 -1.923705e+00 2.679267e+00 1.906846e+00 -1.269348e+00 -3.626511e+00 -3.058663e+00 -1.250118e+00 1.351176e-01
-4.004873e+00 2.028154e+00 -1.907427e+00 2.666762e+00 1.895558e+00 -1.257413e+00 -3.615276e+00 -3.049542e+00 -1.234014e+00 1.381566e-01
-4.025388e+00 2.028950e+00 -1.916976e+00 2.645216e+00 1.895515e+00 -1.262994e+00 -3.608416e+00 -3.043135e+00 -1.239946e+00 1.427287e-01
-4.040126e+00 2.028839e+00 -1.929198e+00 2.653315e+00 1.901238e+00 -1.270119e+00 -3.628777e+00 -3.060236e+00 -1.238441e+00 1.434369e-01
-4.050725e+00 2.028731e+00 -1.939226e+00 2.671309e+00 1.908338e+00 -1.277292e+00 -3.664708e+00 -3.099557e+00 -1.234696e+00 1.443720e-01
-3.982395e+00 2.028380e+00 -1.890819e+00 2.626406e+00 1.877601e+00 -1.243841e+00 -3.599868e+00 -3.045118e+00 -1.230288e+00 1.464715e-01
-4.052025e+00 2.029348e+00 -1.931072e+00 2.653715e+00 1.895809e+00 -1.281320e+00 -3.645862e+00 -3.081405e+00 -1.254034e+00 1.474589e-01
-4.069422e+00 2.029695e+00 -1.940415e+00 2.626438e+00 1.895655e+00 -1.284357e+00 -3.636109e+00 -3.073133e+00 -1.249530e+00 1.497724e-01
-4.082775e+00 2.029392e+00 -1.948642e+00 2.633367e+00 1.900989e+00 -1.286414e+00 -3.645947e+00 -3.085713e+00 -1.243239e+00 1.506445e-01
-4.091958e+00 2.029183e+00 -1.960867e+00 2.662059e+00 1.910962e+00 -1.296993e+00 -3.694944e+00 -3.133793e+00 -1.243373e+00 1.536117e-01
-4.087889e+00 2.029471e+00 -1.950361e+00 2.645931e+00 1.905681e+00 -1.290522e+00 -3.692566e+00 -3.150062e+00 -1.240494e+00 1.575864e-01
-4.094736e+00 2.030114e+00 -1.957237e+00 2.615183e+00 1.904905e+00 -1.295876e+00 -3.706605e+00 -3.167278e+00 -1.245835e+00 1.618735e-01
-4.094083e+00 2.030404e+00 -1.955176e+00 2.580893e+00 1.899951e+00 -1.291216e+00 -3.701015e+00 -3.166308e+00 -1.243036e+00 1.631675e-01
-4.105878e+00 2.030427e+00 -1.966036e+00 2.562761e+00 1.904251e+00 -1.294813e+00 -3.718486e+00 -3.180474e+00 -1.248444e+00 1.653299e-01
-4.106519e+00 2.030174e+00 -1.958387e+00 2.547156e+00 1.900523e+00 -1.285320e+00 -3.697839e+00 -3.174984e+00 -1.252907e+00 1.664497e-01
-4.120931e+00 2.029901e+00 -1.972048e+00 2.545764e+00 1.908559e+00 -1.294551e+00 -3.724015e+00 -3.196616e+00 -1.270627e+00 1.698775e-01
-4.138873e+00 2.031146e+00 -1.968611e+00 2.532386e+00 1.906488e+00 -1.290169e+00 -3.677380e+00 -3.177579e+00 -1.277030e+00 1.709960e-01
-4.132138e+00 2.030389e+00 -1.982423e+00 2.515278e+00 1.912651e+00 -1.301204e+00 -3.702600e+00 -3.177906e+00 -1.299597e+00 1.795766e-01
-4.120049e+00 2.029213e+00 -1.963204e+00 2.539871e+00 1.905715e+00 -1.285581e+00 -3.672619e+00 -3.158524e+00 -1.293219e+00 1.739717e-01
-4.105523e+00 2.028795e+00 -1.956515e+00 2.547034e+00 1.897883e+00 -1.287908e+00 -3.656635e+00 -3.134691e+00 -1.312803e+00 1.817557e-01
-4.134403e+00 2.028412e+00 -1.983143e+00 2.579912e+00 1.913620e+00 -1.315692e+00 -3.713779e+00 -3.175728e+00 -1.324852e+00 1.857826e-01
-4.134067e+00 2.028328e+00 -1.972091e+00 2.576393e+00 1.907417e+00 -1.311130e+00 -3.690806e+00 -3.168658e+00 -1.317592e+00 1.885428e-01
-4.117113e+00 2.028192e+00 -1.964298e+00 2.562525e+00 1.896449e+00 -1.310257e+00 -3.671287e+00 -3.143801e+00 -1.320698e+00 1.973315e-01
-4.149909e+00 2.028030e+00 -1.992289e+00 2.588890e+00 1.913596e+00 -1.335587e+00 -3.731464e+00 -3.188601e+00 -1.320897e+00 2.021896e-01
-4.162313e+00 2.028787e+00 -1.981774e+00 2.579534e+00 1.909207e+00 -1.327780e+00 -3.691146e+00 -3.177314e+00 -1.306459e+00 2.061793e-01
-4.153785e+00 2.028653e+00 -1.985361e+00 2.560335e+00 1.906660e+00 -1.332309e+00 -3.693662e+00 -3.165177e+00 -1.312157e+00 2.175167e-01
-4.131815e+00 2.027794e+00 -1.970270e+00 2.570643e+00 1.896353e+00 -1.320622e+00 -3.671570e+00 -3.140999e+00 -1.302503e+00 2.174818e-01
-4.165566e+00 2.027661e+00 -1.996007e+00 2.609618e+00 1.914398e+00 -1.346151e+00 -3.731409e+00 -3.189658e+00 -1.307659e+00 2.215480e-01
-4.168266e+00 2.027749e+00 -1.983322e+00 2.600561e+00 1.908708e+00 -1.339206e+00 -3.705209e+00 -3.187328e+00 -1.298367e+00 2.239206e-01
-4.175864e+00 2.027860e+00 -1.992718e+00 2.588498e+00 1.911284e+00 -1.349121e+00 -3.720819e+00 -3.198995e+00 -1.299873e+00 2.290849e-01
-4.189540e+00 2.028599e+00 -1.990952e+00 2.578992e+00 1.909126e+00 -1.347478e+00 -3.698647e+00 -3.187902e+00 -1.288819e+00 2.285644e-01
-4.183405e+00 2.028233e+00 -1.996041e+00 2.566593e+00 1.909349e+00 -1.350693e+00 -3.706235e+00 -3.181106e+00 -1.291331e+00 2.337804e-01
-4.191041e+00 2.027431e+00 -2.001978e+00 2.590869e+00 1.917902e+00 -1.353494e+00 -3.731577e+00 -3.205891e+00 -1.281756e+00 2.302626e-01
-4.205167e+00 2.028248e+00 -1.990173e+00 2.592049e+00 1.914437e+00 -1.346620e+00 -3.693762e+00 -3.196016e+00 -1.277816e+00 2.310649e-01
-4.200137e+00 2.027937e+00 -2.001007e+00 2.574065e+00 1.917115e+00 -1.358545e+00 -3.713367e+00 -3.198386e+00 -1.293641e+00 2.382651e-01
-4.190272e+00 2.027174e+00 -1.991730e+00 2.586826e+00 1.913424e+00 -1.351051e+00 -3.709835e+00 -3.195889e+00 -1.280280e+00 2.312303e-01
-4.203037e+00 2.026979e+00 -2.002661e+00 2.596469e+00 1.920939e+00 -1.362109e+00 -3.736428e+00 -3.221552e+00 -1.282671e+00 2.333737e-01
-4.219915e+00 2.028072e+00 -1.995587e+00 2.584736e+00 1.917432e+00 -1.358398e+00 -3.698193e+00 -3.208687e+00 -1.277325e+00 2.338065e-01
-4.217304e+00 2.027609e+00 -2.011014e+00 2.567474e+00 1.924075e+00 -1.371551e+00 -3.728180e+00 -3.218692e+00 -1.287551e+00 2.404617e-01
-4.216149e+00 2.027482e+00 -1.993582e+00 2.578543e+00 1.917267e+00 -1.355484e+00 -3.691687e+00 -3.198224e+00 -1.269114e+00 2.330771e-01
-4.212813e+00 2.027115e+00 -2.001718e+00 2.579351e+00 1.919379e+00 -1.365005e+00 -3.706685e+00 -3.198282e+00 -1.282509e+00 2.403609e-01
-4.219351e+00 2.026429e+00 -2.009490e+00 2.600291e+00 1.927004e+00 -1.371952e+00 -3.733240e+00 -3.222557e+00 -1.277489e+00 2.377347e-01
-4.217920e+00 2.026511e+00 -1.994016e+00 2.600709e+00 1.919520e+00 -1.363307e+00 -3.704441e+00 -3.213523e+00 -1.271751e+00 2.381546e-01
-4.223469e+00 2.026523e+00 -2.006567e+00 2.590344e+00 1.922575e+00 -1.377186e+00 -3.722738e+00 -3.222381e+00 -1.281965e+00 2.442292e-01
-4.220078e+00 2.026152e+00 -2.004356e+00 2.591355e+00 1.920642e+00 -1.375695e+00 -3.724898e+00 -3.223983e+00 -1.271512e+00 2.416773e-01
-4.228485e+00 2.025996e+00 -2.011805e+00 2.594865e+00 1.925206e+00 -1.382599e+00 -3.744132e+00 -3.241505e+00 -1.268083e+00 2.436758e-01
-4.245771e+00 2.026948e+00 -2.007560e+00 2.583868e+00 1.922743e+00 -1.379783e+00 -3.710697e+00 -3.230389e+00 -1.262512e+00 2.453641e-01
-4.248124e+00 2.026443e+00 -2.024944e+00 2.573515e+00 1.932422e+00 -1.393192e+00 -3.746268e+00 -3.247607e+00 -1.270803e+00 2.515937e-01
-4.270211e+00 2.028438e+00 -2.019561e+00 2.583120e+00 1.937660e+00 -1.383919e+00 -3.697081e+00 -3.227390e+00 -1.253246e+00 2.447453e-01
-4.255502e+00 2.027413e+00 -2.033882e+00 2.566749e+00 1.946112e+00 -1.397005e+00 -3.735336e+00 -3.237556e+00 -1.274437e+00 2.564135e-01
-4.222997e+00 2.025956e+00 -1.997617e+00 2.603871e+00 1.932555e+00 -1.367520e+00 -3.701497e+00 -3.217921e+00 -1.250778e+00 2.430007e-01
-4.227528e+00 2.026027e+00 -2.003404e+00 2.610970e+00 1.931847e+00 -1.380828e+00 -3.709204e+00 -3.222229e+00 -1.271828e+00 2.509157e-01
-4.229198e+00 2.025997e+00 -2.008278e+00 2.607374e+00 1.929314e+00 -1.389530e+00 -3.712066e+00 -3.219821e+00 -1.275130e+00 2.516166e-01
-4.225743e+00 2.025857e+00 -2.007690e+00 2.606580e+00 1.924108e+00 -1.391021e+00 -3.704761e+00 -3.208321e+00 -1.268808e+00 2.508967e-01
-4.237403e+00 2.025739e+00 -2.019381e+00 2.620353e+00 1.928822e+00 -1.402452e+00 -3.726466e+00 -3.219382e+00 -1.263835e+00 2.525244e-01
-4.210861e+00 2.025133e+00 -2.001598e+00 2.620452e+00 1.914326e+00 -1.389247e+00 -3.699721e+00 -3.193520e+00 -1.253600e+00 2.542859e-01
-4.257418e+00 2.025269e+00 -2.030490e+00 2.650948e+00 1.933604e+00 -1.416122e+00 -3.748679e+00 -3.239560e+00 -1.255543e+00 2.575418e-01
-4.259772e+00 2.025652e+00 -2.021577e+00 2.646425e+00 1.928563e+00 -1.411185e+00 -3.732928e+00 -3.234081e+00 -1.241501e+00 2.583398e-01
-4.237530e+00 2.025555e+00 -2.010201e+00 2.622466e+00 1.913725e+00 -1.402818e+00 -3.706348e+00 -3.202453e+00 -1.241010e+00 2.636542e-01
-4.275654e+00 2.025407e+00 -2.039165e+00 2.650490e+00 1.934229e+00 -1.426648e+00 -3.762274e+00 -3.246426e+00 -1.237316e+00 2.619722e-01
-4.276405e+00 2.025487e+00 -2.025051e+00 2.649721e+00 1.928840e+00 -1.414874e+00 -3.738916e+00 -3.239198e+00 -1.219669e+00 2.590618e-01
-4.246717e+00 2.025156e+00 -2.008456e+00 2.629284e+00 1.911260e+00 -1.402411e+00 -3.707336e+00 -3.204386e+00 -1.224882e+00 2.637000e-01
-4.291924e+00 2.025215e+00 -2.037746e+00 2.655626e+00 1.931305e+00 -1.426909e+00 -3.747671e+00 -3.242278e+00 -1.228666e+00 2.611883e-01
-4.298299e+00 2.024855e+00 -2.041930e+00 2.666132e+00 1.936884e+00 -1.429767e+00 -3.768608e+00 -3.264999e+00 -1.217090e+00 2.576914e-01
-4.296156e+00 2.024818e+00 -2.027874e+00 2.658574e+00 1.930809e+00 -1.419589e+00 -3.749341e+00 -3.264117e+00 -1.209461e+00 2.574415e-01
-4.307542e+00 2.025025e+00 -2.039983e+00 2.646489e+00 1.935740e+00 -1.430030e+00 -3.769792e+00 -3.281371e+00 -1.215757e+00 2.604482e-01
-4.305661e+00 2.025090e+00 -2.031113e+00 2.630673e+00 1.929635e+00 -1.421168e+00 -3.751944e+00 -3.273207e+00 -1.207497e+00 2.575879e-01
-4.319308e+00 2.025006e+00 -2.046648e+00 2.626121e+00 1.938724e+00 -1.431604e+00 -3.779385e+00 -3.293050e+00 -1.212436e+00 2.589209e-01
-4.322190e+00 2.025197e+00 -2.033107e+00 2.617735e+00 1.932615e+00 -1.418603e+00 -3.746277e+00 -3.279317e+00 -1.206151e+00 2.559282e-01
-4.331110e+00 2.024890e+00 -2.050701e+00 2.614569e+00 1.942851e+00 -1.431922e+00 -3.778707e+00 -3.297634e+00 -1.221792e+00 2.604272e-01
-4.327897e+00 2.024740e+00 -2.033597e+00 2.614998e+00 1.935220e+00 -1.416790e+00 -3.745189e+00 -3.281700e+00 -1.214848e+00 2.554714e-01
-4.337260e+00 2.024441e+00 -2.051012e+00 2.616446e+00 1.945007e+00 -1.431809e+00 -3.776820e+00 -3.300114e+00 -1.232283e+00 2.606606e-01
-4.329490e+00 2.024047e+00 -2.035816e+00 2.617374e+00 1.937333e+00 -1.419375e+00 -3.751669e+00 -3.287693e+00 -1.226260e+00 2.571511e-01
-4.343876e+00 2.023848e+00 -2.054094e+00 2.622705e+00 1.948346e+00 -1.435654e+00 -3.785572e+00 -3.312044e+00 -1.238300e+00 2.618709e-01
-4.345628e+00 2.024117e+00 -2.039626e+00 2.616274e+00 1.940859e+00 -1.424519e+00 -3.750382e+00 -3.297477e+00 -1.231709e+00 2.609953e-01
-4.354106e+00 2.023817e+00 -2.060274e+00 2.612236e+00 1.952208e+00 -1.441783e+00 -3.788783e+00 -3.318670e+00 -1.244475e+00 2.685212e-01
-4.349287e+00 2.023778e+00 -2.041310e+00 2.614362e+00 1.943235e+00 -1.425612e+00 -3.752188e+00 -3.301960e+00 -1.230892e+00 2.650298e-01
-4.358902e+00 2.023496e+00 -2.061600e+00 2.614648e+00 1.954833e+00 -1.443237e+00 -3.790635e+00 -3.324394e+00 -1.245544e+00 2.740025e-01
-4.350429e+00 2.023336e+00 -2.042392e+00 2.615955e+00 1.944955e+00 -1.427691e+00 -3.756521e+00 -3.308448e+00 -1.234218e+00 2.715623e-01
-4.363377e+00 2.023146e+00 -2.063332e+00 2.617064e+00 1.956828e+00 -1.446191e+00 -3.795006e+00 -3.332713e+00 -1.247553e+00 2.794221e-01
-4.355224e+00 2.023052e+00 -2.045414e+00 2.615160e+00 1.946912e+00 -1.431789e+00 -3.761776e+00 -3.317655e+00 -1.236395e+00 2.771936e-01
-4.368728e+00 2.022884e+00 -2.066065e+00 2.614576e+00 1.958567e+00 -1.449526e+00 -3.798848e+00 -3.341077e+00 -1.247776e+00 2.843480e-01
-4.356888e+00 2.022606e+00 -2.048109e+00 2.613492e+00 1.948298e+00 -1.434690e+00 -3.768762e+00 -3.327043e+00 -1.236108e+00 2.818547e-01
-4.372104e+00 2.022527e+00 -2.066149e+00 2.613869e+00 1.958456e+00 -1.450366e+00 -3.798966e+00 -3.348134e+00 -1.246310e+00 2.882032e-01
-4.366507e+00 2.022499e+00 -2.051804e+00 2.609493e+00 1.949642e+00 -1.438602e+00 -3.767961e+00 -3.334305e+00 -1.238041e+00 2.868551e-01
-4.378899e+00 2.022315e+00 -2.069237e+00 2.609122e+00 1.959337e+00 -1.453112e+00 -3.796612e+00 -3.351746e+00 -1.247557e+00 2.923575e-01
-4.370975e+00 2.022048e+00 -2.054099e+00 2.610545e+00 1.950691e+00 -1.440290e+00 -3.767380e+00 -3.337611e+00 -1.238049e+00 2.896033e-01
-4.385389e+00 2.021837e+00 -2.071948e+00 2.615684e+00 1.961599e+00 -1.455787e+00 -3.798210e+00 -3.358167e+00 -1.247839e+00 2.947646e-01
-4.374872e+00 2.021499e+00 -2.056294e+00 2.616663e+00 1.952373e+00 -1.443403e+00 -3.771198e+00 -3.345266e+00 -1.239389e+00 2.925744e-01
-4.389847e+00 2.021408e+00 -2.072196e+00 2.619583e+00 1.961550e+00 -1.457872e+00 -3.796346e+00 -3.363622e+00 -1.248151e+00 2.973633e-01
-4.382670e+00 2.021211e+00 -2.059117e+00 2.617015e+00 1.953052e+00 -1.447557e+00 -3.769837e+00 -3.350833e+00 -1.240622e+00 2.958865e-01
-4.397303e+00 2.021065e+00 -2.075763e+00 2.620608e+00 1.962993e+00 -1.461935e+00 -3.796704e+00 -3.369226e+00 -1.247188e+00 3.000610e-01
-4.387543e+00 2.020711e+00 -2.061628e+00 2.621295e+00 1.954421e+00 -1.450396e+00 -3.771949e+00 -3.356954e+00 -1.237813e+00 2.981670e-01
-4.402793e+00 2.020617e+00 -2.076668e+00 2.626227e+00 1.963698e+00 -1.463903e+00 -3.795601e+00 -3.374947e+00 -1.244343e+00 3.025724e-01
-4.394159e+00 2.020321e+00 -2.064010e+00 2.624797e+00 1.955538e+00 -1.453936e+00 -3.772492e+00 -3.363538e+00 -1.236938e+00 3.015616e-01
-4.409326e+00 2.020239e+00 -2.078666e+00 2.629080e+00 1.964577e+00 -1.466954e+00 -3.794909e+00 -3.380799e+00 -1.242259e+00 3.051634e-01
-4.400744e+00 2.019901e+00 -2.066733e+00 2.628053e+00 1.956946e+00 -1.457335e+00 -3.773772e+00 -3.370343e+00 -1.234398e+00 3.038763e-01
-4.415433e+00 2.019825e+00 -2.079845e+00 2.632737e+00 1.965265e+00 -1.469044e+00 -3.793149e+00 -3.386360e+00 -1.238776e+00 3.070704e-01
-4.408175e+00 2.019496e+00 -2.069527e+00 2.631600e+00 1.958634e+00 -1.460779e+00 -3.774693e+00 -3.377571e+00 -1.231996e+00 3.061611e-01
-4.421728e+00 2.019413e+00 -2.080917e+00 2.636017e+00 1.966007e+00 -1.470995e+00 -3.790770e+00 -3.391843e+00 -1.235420e+00 3.087884e-01
-4.416510e+00 2.019092e+00 -2.072703e+00 2.635292e+00 1.960867e+00 -1.464408e+00 -3.775762e+00 -3.385468e+00 -1.229467e+00 3.080419e-01
-4.427896e+00 2.018984e+00 -2.081467e+00 2.639156e+00 1.966722e+00 -1.472368e+00 -3.787191e+00 -3.397060e+00 -1.231754e+00 3.101451e-01
-4.425901e+00 2.018692e+00 -2.076301e+00 2.639209e+00 1.963798e+00 -1.468279e+00 -3.776919e+00 -3.394255e+00 -1.227047e+00 3.097305e-01
-4.434076e+00 2.018535e+00 -2.081682e+00 2.642127e+00 1.967660e+00 -1.473316e+00 -3.782806e+00 -3.402455e+00 -1.227935e+00 3.112933e-01
-4.435517e+00 2.018270e+00 -2.079951e+00 2.643242e+00 1.967265e+00 -1.472084e+00 -3.778006e+00 -3.403831e+00 -1.224662e+00 3.112931e-01
-4.440573e+00 2.018054e+00 -2.082204e+00 2.645276e+00 1.969403e+00 -1.474390e+00 -3.779267e+00 -3.409411e+00 -1.224050e+00 3.123331e-01
-4.443903e+00 2.017797e+00 -2.082725e+00 2.646808e+00 1.970677e+00 -1.475089e+00 -3.778206e+00 -3.413837e+00 -1.222019e+00 3.127851e-01
-4.447572e+00 2.017539e+00 -2.083751e+00 2.648186e+00 1.972361e+00 -1.476240e+00 -3.777978e+00 -3.419235e+00 -1.220471e+00 3.135009e-01
-4.451058e+00 2.017266e+00 -2.084803e+00 2.649106e+00 1.974193e+00 -1.477338e+00 -3.777890e+00 -3.425209e+00 -1.218823e+00 3.142017e-01
-4.454461e+00 2.016974e+00 -2.086019e+00 2.649601e+00 1.976311e+00 -1.478462e+00 -3.778166e+00 -3.432027e+00 -1.217116e+00 3.149201e-01
-4.457853e+00 2.016654e+00 -2.087487e+00 2.649652e+00 1.978868e+00 -1.479644e+00 -3.778979e+00 -3.439975e+00 -1.215363e+00 3.156669e-01
-4.461341e+00 2.016307e+00 -2.089135e+00 2.649097e+00 1.981921e+00 -1.480799e+00 -3.780075e+00 -3.449191e+00 -1.213588e+00 3.164502e-01
-4.464525e+00 2.015950e+00 -2.090071e+00 2.647184e+00 1.984745e+00 -1.481267e+00 -3.779315e+00 -3.458618e+00 -1.211961e+00 3.173255e-01
-4.466518e+00 2.015629e+00 -2.089282e+00 2.642617e+00 1.985957e+00 -1.480394e+00 -3.773681e+00 -3.466078e+00 -1.211211e+00 3.184731e-01
-4.467787e+00 2.015374e+00 -2.088058e+00 2.635423e+00 1.985585e+00 -1.479187e+00 -3.764053e+00 -3.471109e+00 -1.212109e+00 3.199156e-01
-4.468997e+00 2.015147e+00 -2.087554e+00 2.628156e+00 1.984457e+00 -1.478324e+00 -3.752624e+00 -3.474272e+00 -1.213903e+00 3.211813e-01
-4.470322e+00 2.014888e+00 -2.087808e+00 2.623901e+00 1.983285e+00 -1.477836e+00 -3.740971e+00 -3.476305e+00 -1.215785e+00 3.220931e-01
-4.471693e+00 2.014573e+00 -2.088513e+00 2.623838e+00 1.982385e+00 -1.477788e+00 -3.729986e+00 -3.477825e+00 -1.217725e+00 3.229257e-01
-4.473023e+00 2.014214e+00 -2.089452e+00 2.627194e+00 1.981766e+00 -1.478319e+00 -3.720033e+00 -3.479197e+00 -1.219794e+00 3.239597e-01
-4.474268e+00 2.013836e+00 -2.090530e+00 2.632542e+00 1.981330e+00 -1.479468e+00 -3.711147e+00 -3.480593e+00 -1.221715e+00 3.252884e-01
-4.475427e+00 2.013456e+00 -2.091690e+00 2.638740e+00 1.980996e+00 -1.481127e+00 -3.703213e+00 -3.482073e+00 -1.223023e+00 3.269036e-01
-4.476513e+00 2.013085e+00 -2.092874e+00 2.645129e+00 1.980718e+00 -1.483120e+00 -3.696061e+00 -3.483652e+00 -1.223360e+00 3.287900e-01
-4.477544e+00 2.012726e+00 -2.094027e+00 2.651390e+00 1.980476e+00 -1.485281e+00 -3.689522e+00 -3.485321e+00 -1.222583e+00 3.309287e-01
-4.478536e+00 2.012381e+00 -2.095109e+00 2.657380e+00 1.980258e+00 -1.487485e+00 -3.683452e+00 -3.487062e+00 -1.220736e+00 3.332599e-01
-4.479500e+00 2.012050e+00 -2.096095e+00 2.663040e+00 1.980054e+00 -1.489650e+00 -3.677736e+00 -3.488848e+00 -1.217958e+00 3.356691e-01
-4.480447e+00 2.011731e+00 -2.096978e+00 2.668353e+00 1.979858e+00 -1.491729e+00 -3.672291e+00 -3.490653e+00 -1.214418e+00 3.380077e-01
-4.481382e+00 2.011419e+00 -2.097758e+00 2.673335e+00 1.979666e+00 -1.493694e+00 -3.667061e+00 -3.492454e+00 -1.210284e+00 3.401293e-01
-4.482311e+00 2.011112e+00 -2.098442e+00 2.678016e+00 1.979474e+00 -1.495533e+00 -3.662011e+00 -3.494233e+00 -1.205709e+00 3.419198e-01
-4.483235e+00 2.010806e+00 -2.099037e+00 2.682432e+00 1.979283e+00 -1.497243e+00 -3.657119e+00 -3.495978e+00 -1.200832e+00 3.433117e-01
-4.484156e+00 2.010500e+00 -2.099553e+00 2.686621e+00 1.979094e+00 -1.498828e+00 -3.652375e+00 -3.497683e+00 -1.195775e+00 3.442850e-01
-4.485076e+00 2.010191e+00 -2.099999e+00 2.690613e+00 1.978907e+00 -1.500296e+00 -3.647776e+00 -3.499343e+00 -1.190641e+00 3.448589e-01
-4.485994e+00 2.009878e+00 -2.100383e+00 2.694432e+00 1.978723e+00 -1.501653e+00 -3.643321e+00 -3.500957e+00 -1.185517e+00 3.450807e-01
-4.486911e+00 2.009561e+00 -2.100713e+00 2.698093e+00 1.978544e+00 -1.502910e+00 -3.639009e+00 -3.502526e+00 -1.180470e+00 3.450151e-01
-4.487825e+00 2.009240e+00 -2.100994e+00 2.701608e+00 1.978371e+00 -1.504073e+00 -3.634840e+00 -3.504049e+00 -1.175553e+00 3.447339e-01
-4.488736e+00 2.008915e+00 -2.101233e+00 2.704983e+00 1.978203e+00 -1.505150e+00 -3.630813e+00 -3.505529e+00 -1.170805e+00 3.443093e-01
-4.489645e+00 2.008587e+00 -2.101433e+00 2.708223e+00 1.978041e+00 -1.506143e+00 -3.626927e+00 -3.506968e+00 -1.166254e+00 3.438082e-01
-4.490550e+00 2.008256e+00 -2.101600e+00 2.711329e+00 1.977885e+00 -1.507059e+00 -3.623177e+00 -3.508366e+00 -1.161919e+00 3.432895e-01
-4.491452e+00 2.007922e+00 -2.101735e+00 2.714304e+00 1.977736e+00 -1.507899e+00 -3.619562e+00 -3.509725e+00 -1.157813e+00 3.428025e-01
-4.492349e+00 2.007586e+00 -2.101842e+00 2.717150e+00 1.977594e+00 -1.508667e+00 -3.616077e+00 -3.511048e+00 -1.153944e+00 3.423864e-01
-4.493242e+00 2.007249e+00 -2.101923e+00 2.719871e+00 1.977458e+00 -1.509364e+00 -3.612718e+00 -3.512334e+00 -1.150315e+00 3.420710e-01
-4.494130e+00 2.006910e+00 -2.101981e+00 2.722469e+00 1.977329e+00 -1.509992e+00 -3.609480e+00 -3.513586e+00 -1.146928e+00 3.418777e-01
-4.495013e+00 2.006570e+00 -2.102016e+00 2.724949e+00 1.977207e+00 -1.510553e+00 -3.606358e+00 -3.514806e+00 -1.143779e+00 3.418210e-01
-4.495891e+00 2.006229e+00 -2.102030e+00 2.727314e+00 1.977093e+00 -1.511049e+00 -3.603350e+00 -3.515993e+00 -1.140866e+00 3.419093e-01
-4.496764e+00 2.005887e+00 -2.102025e+00 2.729571e+00 1.976985e+00 -1.511482e+00 -3.600449e+00 -3.517150e+00 -1.138183e+00 3.421470e-01
-4.497631e+00 2.005545e+00 -2.102002e+00 2.731723e+00 1.976884e+00 -1.511855e+00 -3.597652e+00 -3.518278e+00 -1.135723e+00 3.425346e-01
-4.498491e+00 2.005201e+00 -2.101962e+00 2.733777e+00 1.976789e+00 -1.512168e+00 -3.594955e+00 -3.519378e+00 -1.133479e+00 3.430703e-01
-4.499346e+00 2.004856e+00 -2.101907e+00 2.735737e+00 1.976702e+00 -1.512425e+00 -3.592354e+00 -3.520451e+00 -1.131443e+00 3.437506e-01
-4.500194e+00 2.004510e+00 -2.101836e+00 2.737607e+00 1.976622e+00 -1.512627e+00 -3.589844e+00 -3.521499e+00 -1.129605e+00 3.445706e-01
-4.501035e+00 2.004163e+00 -2.101751e+00 2.739393e+00 1.976549e+00 -1.512777e+00 -3.587422e+00 -3.522522e+00 -1.127957e+00 3.455246e-01
-4.501869e+00 2.003815e+00 -2.101653e+00 2.741099e+00 1.976482e+00 -1.512876e+00 -3.585083e+00 -3.523522e+00 -1.126489e+00 3.466063e-01
-4.502697e+00 2.003466e+00 -2.101542e+00 2.742728e+00 1.976421e+00 -1.512926e+00 -3.582826e+00 -3.524499e+00 -1.125193e+00 3.478094e-01
-4.503516e+00 2.003115e+00 -2.101419e+00 2.744286e+00 1.976367e+00 -1.512930e+00 -3.580645e+00 -3.525455e+00 -1.124060e+00 3.491272e-01
-4.504329e+00 2.002762e+00 -2.101286e+00 2.745776e+00 1.976320e+00 -1.512889e+00 -3.578538e+00 -3.526390e+00 -1.123081e+00 3.505531e-01
-4.505133e+00 2.002408e+00 -2.101142e+00 2.747201e+00 1.976279e+00 -1.512805e+00 -3.576502e+00 -3.527305e+00 -1.122247e+00 3.520806e-01
-4.505930e+00 2.002052e+00 -2.100988e+00 2.748564e+00 1.976244e+00 -1.512681e+00 -3.574532e+00 -3.528202e+00 -1.121552e+00 3.537033e-01
-4.506719e+00 2.001694e+00 -2.100825e+00 2.749869e+00 1.976215e+00 -1.512516e+00 -3.572627e+00 -3.529080e+00 -1.120986e+00 3.554150e-01
-4.507500e+00 2.001334e+00 -2.100653e+00 2.751118e+00 1.976192e+00 -1.512315e+00 -3.570783e+00 -3.529942e+00 -1.120543e+00 3.572099e-01
-4.508273e+00 2.000971e+00 -2.100473e+00 2.752314e+00 1.976176e+00 -1.512077e+00 -3.568997e+00 -3.530787e+00 -1.120216e+00 3.590822e-01
-4.509038e+00 2.000606e+00 -2.100286e+00 2.753460e+00 1.976165e+00 -1.511805e+00 -3.567267e+00 -3.531616e+00 -1.119997e+00 3.610265e-01
-4.509794e+00 2.000239e+00 -2.100092e+00 2.754558e+00 1.976160e+00 -1.511500e+00 -3.565590e+00 -3.532429e+00 -1.119882e+00 3.630377e-01
-4.510543e+00 1.999869e+00 -2.099891e+00 2.755609e+00 1.976161e+00 -1.511164e+00 -3.563963e+00 -3.533228e+00 -1.119863e+00 3.651108e-01
-4.511283e+00 1.999496e+00 -2.099685e+00 2.756617e+00 1.976167e+00 -1.510798e+00 -3.562385e+00 -3.534014e+00 -1.119935e+00 3.672414e-01
-4.512015e+00 1.999119e+00 -2.099472e+00 2.757584e+00 1.976180e+00 -1.510403e+00 -3.560852e+00 -3.534785e+00 -1.120093e+00 3.694250e-01
-4.512739e+00 1.998740e+00 -2.099255e+00 2.758510e+00 1.976197e+00 -1.509981e+00 -3.559363e+00 -3.535544e+00 -1.120332e+00 3.716576e-01
-4.513454e+00 1.998357e+00 -2.099033e+00 2.759398e+00 1.976221e+00 -1.509533e+00 -3.557915e+00 -3.536291e+00 -1.120647e+00 3.739352e-01
-4.514161e+00 1.997971e+00 -2.098806e+00 2.760250e+00 1.976250e+00 -1.509061e+00 -3.556507e+00 -3.537025e+00 -1.121033e+00 3.762544e-01
-4.514861e+00 1.997581e+00 -2.098576e+00 2.761066e+00 1.976284e+00 -1.508565e+00 -3.555136e+00 -3.537748e+00 -1.121485e+00 3.786117e-01
-4.515552e+00 1.997187e+00 -2.098342e+00 2.761849e+00 1.976324e+00 -1.508047e+00 -3.553801e+00 -3.538460e+00 -1.122000e+00 3.810038e-01
-4.516235e+00 1.996789e+00 -2.098104e+00 2.762600e+00 1.976368e+00 -1.507507e+00 -3.552499e+00 -3.539161e+00 -1.122574e+00 3.834278e-01
-4.516910e+00 1.996387e+00 -2.097864e+00 2.763320e+00 1.976419e+00 -1.506948e+00 -3.551230e+00 -3.539852e+00 -1.123203e+00 3.858807e-01
-4.517577e+00 1.995980e+00 -2.097621e+00 2.764010e+00 1.976474e+00 -1.506369e+00 -3.549991e+00 -3.540533e+00 -1.123884e+00 3.883600e-01
-4.518236e+00 1.995569e+00 -2.097376e+00 2.764672e+00 1.976534e+00 -1.505773e+00 -3.548782e+00 -3.541204e+00 -1.124612e+00 3.908630e-01
-4.518887e+00 1.995153e+00 -2.097129e+00 2.765307e+00 1.976599e+00 -1.505159e+00 -3.547600e+00 -3.541867e+00 -1.125385e+00 3.933874e-01
-4.519530e+00 1.994732e+00 -2.096879e+00 2.765915e+00 1.976670e+00 -1.504530e+00 -3.546444e+00 -3.542520e+00 -1.126200e+00 3.959309e-01
-4.520166e+00 1.994305e+00 -2.096629e+00 2.766499e+00 1.976745e+00 -1.503885e+00 -3.545312e+00 -3.543164e+00 -1.127053e+00 3.984913e-01
-4.520794e+00 1.993874e+00 -2.096377e+00 2.767058e+00 1.976825e+00 -1.503226e+00 -3.544205e+00 -3.543801e+00 -1.127942e+00 4.010666e-01
-4.521415e+00 1.993436e+00 -2.096124e+00 2.767594e+00 1.976909e+00 -1.502553e+00 -3.543119e+00 -3.544429e+00 -1.128865e+00 4.036549e-01
-4.522028e+00 1.992993e+00 -2.095869e+00 2.768107e+00 1.976998e+00 -1.501868e+00 -3.542055e+00 -3.545049e+00 -1.129818e+00 4.062544e-01
-4.522634e+00 1.992544e+00 -2.095615e+00 2.768600e+00 1.977092e+00 -1.501171e+00 -3.541011e+00 -3.545661e+00 -1.130800e+00 4.088633e-01
-4.523233e+00 1.992088e+00 -2.095359e+00 2.769071e+00 1.977190e+00 -1.500462e+00 -3.539986e+00 -3.546266e+00 -1.131807e+00 4.114801e-01
-4.523825e+00 1.991626e+00 -2.095104e+00 2.769523e+00 1.977293e+00 -1.499744e+00 -3.538979e+00 -3.546864e+00 -1.132838e+00 4.141030e-01
-4.524409e+00 1.991157e+00 -2.094848e+00 2.769956e+00 1.977400e+00 -1.499015e+00 -3.537988e+00 -3.547455e+00 -1.133891e+00 4.167308e-01
-4.524987e+00 1.990680e+00 -2.094592e+00 2.770371e+00 1.977511e+00 -1.498277e+00 -3.537015e+00 -3.548039e+00 -1.134963e+00 4.193619e-01
-4.525558e+00 1.990197e+00 -2.094336e+00 2.770768e+00 1.977626e+00 -1.497531e+00 -3.536056e+00 -3.548616e+00 -1.136054e+00 4.219951e-01
-4.526122e+00 1.989706e+00 -2.094080e+00 2.771148e+00 1.977745e+00 -1.496777e+00 -3.535112e+00 -3.549187e+00 -1.137160e+00 4.246292e-01
-4.526680e+00 1.989207e+00 -2.093824e+00 2.771512e+00 1.977868e+00 -1.496016e+00 -3.534182e+00 -3.549751e+00 -1.138280e+00 4.272629e-01
-4.527231e+00 1.988700e+00 -2.093569e+00 2.771860e+00 1.977995e+00 -1.495248e+00 -3.533265e+00 -3.550310e+00 -1.139413e+00 4.298951e-01
-4.527776e+00 1.988184e+00 -2.093314e+00 2.772193e+00 1.978125e+00 -1.494474e+00 -3.532360e+00 -3.550862e+00 -1.140557e+00 4.325248e-01
-4.528315e+00 1.987660e+00 -2.093060e+00 2.772512e+00 1.978260e+00 -1.493694e+00 -3.531467e+00 -3.551408e+00 -1.141710e+00 4.351509e-01
-4.528847e+00 1.987126e+00 -2.092807e+00 2.772817e+00 1.978398e+00 -1.492909e+00 -3.530585e+00 -3.551949e+00 -1.142872e+00 4.377727e-01
-4.529373e+00 1.986583e+00 -2.092554e+00 2.773109e+00 1.978539e+00 -1.492119e+00 -3.529714e+00 -3.552484e+00 -1.144040e+00 4.403891e-01
-4.529893e+00 1.986030e+00 -2.092302e+00 2.773388e+00 1.978684e+00 -1.491325e+00 -3.528852e+00 -3.553013e+00 -1.145214e+00 4.429994e-01
-4.530408e+00 1.985467e+00 -2.092052e+00 2.773655e+00 1.978832e+00 -1.490527e+00 -3.528001e+00 -3.553537e+00 -1.146392e+00 4.456027e-01
-4.530917e+00 1.984894e+00 -2.091802e+00 2.773910e+00 1.978984e+00 -1.489726e+00 -3.527158e+00 -3.554056e+00 -1.147573e+00 4.481984e-01
-4.531420e+00 1.984309e+00 -2.091552e+00 2.774154e+00 1.979139e+00 -1.488921e+00 -3.526323e+00 -3.554569e+00 -1.148756e+00 4.507859e-01
-4.531917e+00 1.983713e+00 -2.091305e+00 2.774387e+00 1.979296e+00 -1.488114e+00 -3.525496e+00 -3.555078e+00 -1.149941e+00 4.533644e-01
-4.532409e+00 1.983105e+00 -2.091058e+00 2.774610e+00 1.979457e+00 -1.487305e+00 -3.524678e+00 -3.555581e+00 -1.151125e+00 4.559334e-01
-4.532896e+00 1.982485e+00 -2.090812e+00 2.774823e+00 1.979621e+00 -1.486493e+00 -3.523866e+00 -3.556080e+00 -1.152309e+00 4.584924e-01
-4.533378e+00 1.981852e+00 -2.090567e+00 2.775027e+00 1.979788e+00 -1.485680e+00 -3.523061e+00 -3.556573e+00 -1.153491e+00 4.610409e-01
-4.533854e+00 1.981206e+00 -2.090324e+00 2.775221e+00 1.979958e+00 -1.484866e+00 -3.522263e+00 -3.557062e+00 -1.154671e+00 4.635784e-01
-4.534325e+00 1.980546e+00 -2.090082e+00 2.775406e+00 1.980130e+00 -1.484051e+00 -3.521470e+00 -3.557546e+00 -1.155847e+00 4.661046e-01
-4.534792e+00 1.979872e+00 -2.089841e+00 2.775584e+00 1.980306e+00 -1.483234e+00 -3.520684e+00 -3.558026e+00 -1.157019e+00 4.686191e-01
-4.535253e+00 1.979182e+00 -2.089601e+00 2.775753e+00 1.980483e+00 -1.482418e+00 -3.519903e+00 -3.558501e+00 -1.158187e+00 4.711216e-01
-4.535710e+00 1.978478e+00 -2.089363e+00 2.775914e+00 1.980664e+00 -1.481601e+00 -3.519127e+00 -3.558972e+00 -1.159349e+00 4.736119e-01
-4.536162e+00 1.977757e+00 -2.089126e+00 2.776068e+00 1.980847e+00 -1.480784e+00 -3.518356e+00 -3.559438e+00 -1.160506e+00 4.760895e-01
-4.536609e+00 1.977019e+00 -2.088890e+00 2.776216e+00 1.981032e+00 -1.479967e+00 -3.517590e+00 -3.559900e+00 -1.161656e+00 4.785545e-01
-4.537052e+00 1.976263e+00 -2.088656e+00 2.776356e+00 1.981220e+00 -1.479150e+00 -3.516829e+00 -3.560358e+00 -1.162799e+00 4.810066e-01
-4.537491e+00 1.975489e+00 -2.088423e+00 2.776490e+00 1.981411e+00 -1.478334e+00 -3.516071e+00 -3.560812e+00 -1.163934e+00 4.834457e-01
-4.537925e+00 1.974696e+00 -2.088191e+00 2.776618e+00 1.981604e+00 -1.477519e+00 -3.515317e+00 -3.561261e+00 -1.165061e+00 4.858717e-01
-4.538355e+00 1.973883e+00 -2.087961e+00 2.776740e+00 1.981799e+00 -1.476705e+00 -3.514568e+00 -3.561707e+00 -1.166180e+00 4.882846e-01
-4.538780e+00 1.973049e+00 -2.087732e+00 2.776856e+00 1.981996e+00 -1.475893e+00 -3.513822e+00 -3.562148e+00 -1.167291e+00 4.906843e-01
-4.539202e+00 1.972193e+00 -2.087504e+00 2.776967e+00 1.982196e+00 -1.475081e+00 -3.513079e+00 -3.562586e+00 -1.168392e+00 4.930708e-01
-4.539620e+00 1.971315e+00 -2.087278e+00 2.777073e+00 1.982398e+00 -1.474271e+00 -3.512339e+00 -3.563019e+00 -1.169483e+00 4.954443e-01
-4.540033e+00 1.970412e+00 -2.087053e+00 2.777174e+00 1.982602e+00 -1.473462e+00 -3.511602e+00 -3.563449e+00 -1.170564e+00 4.978049e-01
-4.540443e+00 1.969484e+00 -2.086830e+00 2.777270e+00 1.982808e+00 -1.472655e+00 -3.510869e+00 -3.563875e+00 -1.171635e+00 5.001525e-01
-4.540849e+00 1.968530e+00 -2.086608e+00 2.777362e+00 1.983016e+00 -1.471850e+00 -3.510138e+00 -3.564297e+00 -1.172696e+00 5.024875e-01
-4.541251e+00 1.967548e+00 -2.086388e+00 2.777449e+00 1.983227e+00 -1.471047e+00 -3.509409e+00 -3.564716e+00 -1.173745e+00 5.048100e-01
-4.541649e+00 1.966537e+00 -2.086169e+00 2.777533e+00 1.983439e+00 -1.470246e+00 -3.508683e+00 -3.565131e+00 -1.174784e+00 5.071202e-01
-4.542044e+00 1.965495e+00 -2.085951e+00 2.777613e+00 1.983654e+00 -1.469447e+00 -3.507959e+00 -3.565543e+00 -1.175811e+00 5.094184e-01
-4.542436e+00 1.964421e+00 -2.085735e+00 2.777689e+00 1.983871e+00 -1.468650e+00 -3.507238e+00 -3.565951e+00 -1.176826e+00 5.117050e-01
-4.542823e+00 1.963313e+00 -2.085520e+00 2.777761e+00 1.984089e+00 -1.467856e+00 -3.506518e+00 -3.566355e+00 -1.177829e+00 5.139802e-01
-4.543208e+00 1.962169e+00 -2.085306e+00 2.777830e+00 1.984310e+00 -1.467064e+00 -3.505801e+00 -3.566756e+00 -1.178821e+00 5.162446e-01
-4.543589e+00 1.960988e+00 -2.085094e+00 2.777896e+00 1.984533e+00 -1.466274e+00 -3.505085e+00 -3.567154e+00 -1.179800e+00 5.184984e-01
-4.543966e+00 1.959766e+00 -2.084884e+00 2.777959e+00 1.984758e+00 -1.465487e+00 -3.504371e+00 -3.567548e+00 -1.180766e+00 5.207422e-01
-4.544341e+00 1.958501e+00 -2.084674e+00 2.778019e+00 1.984985e+00 -1.464702e+00 -3.503658e+00 -3.567939e+00 -1.181720e+00 5.229765e-01
-4.544712e+00 1.957191e+00 -2.084466e+00 2.778076e+00 1.985215e+00 -1.463920e+00 -3.502947e+00 -3.568326e+00 -1.182661e+00 5.252019e-01
