3.387178e-01 -2.205020e-01 -5.282150e-01 -4.804249e-01 -2.797993e-01 -9.153913e-01 -3.119841e-01 1.333057e-01 1.121230e-01 -9.529345e-01
3.189979e-01 -2.291395e-01 -5.314606e-01 -4.846980e-01 -3.032208e-01 -9.109295e-01 -3.214190e-01 1.290970e-01 8.980818e-02 -9.723841e-01
2.965904e-01 -2.388656e-01 -5.383799e-01 -4.928332e-01 -3.275692e-01 -9.060534e-01 -3.325657e-01 1.217195e-01 6.689063e-02 -9.885240e-01
2.728279e-01 -2.497673e-01 -5.461776e-01 -5.016905e-01 -3.522566e-01 -9.027734e-01 -3.443458e-01 1.116574e-01 4.398288e-02 -1.002817e+00
2.485062e-01 -2.617090e-01 -5.535745e-01 -5.101868e-01 -3.769132e-01 -9.019208e-01 -3.560978e-01 9.914541e-02 2.148304e-02 -1.015919e+00
2.241578e-01 -2.745002e-01 -5.602410e-01 -5.181513e-01 -4.011706e-01 -9.038115e-01 -3.675337e-01 8.421365e-02 -3.446240e-04 -1.028111e+00
2.001736e-01 -2.879597e-01 -5.662426e-01 -5.256798e-01 -4.246222e-01 -9.086916e-01 -3.785772e-01 6.682024e-02 -2.129472e-02 -1.039516e+00
1.768352e-01 -3.019325e-01 -5.717529e-01 -5.329079e-01 -4.468800e-01 -9.169270e-01 -3.892441e-01 4.699701e-02 -4.120193e-02 -1.050199e+00
1.543196e-01 -3.162863e-01 -5.769542e-01 -5.399583e-01 -4.676437e-01 -9.290345e-01 -3.995808e-01 2.497655e-02 -5.994178e-02 -1.060210e+00
1.327047e-01 -3.309023e-01 -5.820119e-01 -5.469406e-01 -4.867405e-01 -9.456347e-01 -4.096382e-01 1.251691e-03 -7.742799e-02 -1.069606e+00
1.119818e-01 -3.456673e-01 -5.870726e-01 -5.539643e-01 -5.041225e-01 -9.673264e-01 -4.194635e-01 -2.348020e-02 -9.360387e-02 -1.078450e+00
9.207292e-02 -3.604709e-01 -5.922659e-01 -5.611484e-01 -5.198358e-01 -9.944273e-01 -4.291001e-01 -4.847477e-02 -1.084390e-01 -1.086822e+00
7.285801e-02 -3.752077e-01 -5.976997e-01 -5.686128e-01 -5.339791e-01 -1.026564e+00 -4.385871e-01 -7.309937e-02 -1.219451e-01 -1.094817e+00
5.421566e-02 -3.897807e-01 -6.034403e-01 -5.764368e-01 -5.466692e-01 -1.062304e+00 -4.479504e-01 -9.688682e-02 -1.342156e-01 -1.102538e+00
3.607066e-02 -4.041003e-01 -6.094830e-01 -5.845976e-01 -5.580199e-01 -1.099306e+00 -4.571880e-01 -1.194895e-01 -1.454680e-01 -1.110084e+00
1.841797e-02 -4.180747e-01 -6.157414e-01 -5.929494e-01 -5.681366e-01 -1.135185e+00 -4.662646e-01 -1.406348e-01 -1.560395e-01 -1.117512e+00
1.307634e-03 -4.316001e-01 -6.220763e-01 -6.012780e-01 -5.771234e-01 -1.168391e+00 -4.751257e-01 -1.601405e-01 -1.663060e-01 -1.124830e+00
-1.518989e-02 -4.445674e-01 -6.283433e-01 -6.093829e-01 -5.850891e-01 -1.198368e+00 -4.837218e-01 -1.779433e-01 -1.765759e-01 -1.132011e+00
-3.101374e-02 -4.568831e-01 -6.344258e-01 -6.171238e-01 -5.921406e-01 -1.225185e+00 -4.920231e-01 -1.940904e-01 -1.870388e-01 -1.139019e+00
-4.612800e-02 -4.684878e-01 -6.402461e-01 -6.244250e-01 -5.983720e-01 -1.249155e+00 -5.000203e-01 -2.087021e-01 -1.977754e-01 -1.145825e+00
-6.052326e-02 -4.793599e-01 -6.457607e-01 -6.312591e-01 -6.038592e-01 -1.270632e+00 -5.077190e-01 -2.219319e-01 -2.087916e-01 -1.152413e+00
-7.421113e-02 -4.895098e-01 -6.509515e-01 -6.376294e-01 -6.086590e-01 -1.289943e+00 -5.151328e-01 -2.339400e-01 -2.200510e-01 -1.158775e+00
-8.721755e-02 -4.989696e-01 -6.558171e-01 -6.435561e-01 -6.128113e-01 -1.307371e+00 -5.222785e-01 -2.448781e-01 -2.314987e-01 -1.164912e+00
-9.957774e-02 -5.077846e-01 -6.603660e-01 -6.490674e-01 -6.163428e-01 -1.323152e+00 -5.291738e-01 -2.548832e-01 -2.430766e-01 -1.170829e+00
-1.113330e-01 -5.160066e-01 -6.646129e-01 -6.541949e-01 -6.192692e-01 -1.337491e+00 -5.358357e-01 -2.640749e-01 -2.547343e-01 -1.176534e+00
-1.225287e-01 -5.236886e-01 -6.685754e-01 -6.589702e-01 -6.215980e-01 -1.350561e+00 -5.422806e-01 -2.725568e-01 -2.664362e-01 -1.182038e+00
-1.332137e-01 -5.308827e-01 -6.722726e-01 -6.634235e-01 -6.233317e-01 -1.362514e+00 -5.485236e-01 -2.804170e-01 -2.781665e-01 -1.187351e+00
-1.434399e-01 -5.376384e-01 -6.757237e-01 -6.675828e-01 -6.244706e-01 -1.373479e+00 -5.545786e-01 -2.877309e-01 -2.899320e-01 -1.192484e+00
-1.532622e-01 -5.440018e-01 -6.789478e-01 -6.714734e-01 -6.250176e-01 -1.383570e+00 -5.604584e-01 -2.945623e-01 -3.017650e-01 -1.197448e+00
-1.627396e-01 -5.500162e-01 -6.819638e-01 -6.751181e-01 -6.249839e-01 -1.392888e+00 -5.661746e-01 -3.009659e-01 -3.137244e-01 -1.202255e+00
-1.719353e-01 -5.557214e-01 -6.847907e-01 -6.785369e-01 -6.243965e-01 -1.401521e+00 -5.717381e-01 -3.069892e-01 -3.258957e-01 -1.206914e+00
-1.809179e-01 -5.611554e-01 -6.874482e-01 -6.817479e-01 -6.233066e-01 -1.409546e+00 -5.771589e-01 -3.126737e-01 -3.383899e-01 -1.211437e+00
-1.897614e-01 -5.663540e-01 -6.899572e-01 -6.847677e-01 -6.217966e-01 -1.417032e+00 -5.824461e-01 -3.180563e-01 -3.513370e-01 -1.215831e+00
-1.985442e-01 -5.713514e-01 -6.923415e-01 -6.876122e-01 -6.199831e-01 -1.424042e+00 -5.876084e-01 -3.231709e-01 -3.648738e-01 -1.220106e+00
-2.073450e-01 -5.761801e-01 -6.946272e-01 -6.902974e-01 -6.180105e-01 -1.430632e+00 -5.926536e-01 -3.280478e-01 -3.791207e-01 -1.224269e+00
-2.162353e-01 -5.808698e-01 -6.968431e-01 -6.928398e-01 -6.160342e-01 -1.436853e+00 -5.975885e-01 -3.327145e-01 -3.941489e-01 -1.228326e+00
-2.252684e-01 -5.854462e-01 -6.990183e-01 -6.952558e-01 -6.141962e-01 -1.442750e+00 -6.024183e-01 -3.371949e-01 -4.099439e-01 -1.232283e+00
-2.344682e-01 -5.899284e-01 -7.011795e-01 -6.975610e-01 -6.126042e-01 -1.448362e+00 -6.071463e-01 -3.415085e-01 -4.263786e-01 -1.236147e+00
-2.438218e-01 -5.943283e-01 -7.033480e-01 -6.997689e-01 -6.113197e-01 -1.453724e+00 -6.117728e-01 -3.456715e-01 -4.432150e-01 -1.239922e+00
-2.532800e-01 -5.986501e-01 -7.055373e-01 -7.018898e-01 -6.103616e-01 -1.458861e+00 -6.162955e-01 -3.496964e-01 -4.601384e-01 -1.243612e+00
-2.627667e-01 -6.028915e-01 -7.077534e-01 -7.039311e-01 -6.097169e-01 -1.463796e+00 -6.207096e-01 -3.535934e-01 -4.768137e-01 -1.247220e+00
-2.721914e-01 -6.070462e-01 -7.099951e-01 -7.058974e-01 -6.093541e-01 -1.468546e+00 -6.250089e-01 -3.573708e-01 -4.929415e-01 -1.250747e+00
-2.814626e-01 -6.111053e-01 -7.122564e-01 -7.077916e-01 -6.092347e-01 -1.473127e+00 -6.291867e-01 -3.610358e-01 -5.082944e-01 -1.254196e+00
-2.904988e-01 -6.150598e-01 -7.145281e-01 -7.096157e-01 -6.093198e-01 -1.477550e+00 -6.332369e-01 -3.645948e-01 -5.227290e-01 -1.257564e+00
-2.992343e-01 -6.189020e-01 -7.168000e-01 -7.113712e-01 -6.095747e-01 -1.481829e+00 -6.371551e-01 -3.680535e-01 -5.361786e-01 -1.260853e+00
-3.076220e-01 -6.226257e-01 -7.190614e-01 -7.130596e-01 -6.099702e-01 -1.485972e+00 -6.409386e-01 -3.714169e-01 -5.486363e-01 -1.264062e+00
-3.156323e-01 -6.262270e-01 -7.213030e-01 -7.146825e-01 -6.104833e-01 -1.489989e+00 -6.445868e-01 -3.746898e-01 -5.601352e-01 -1.267190e+00
-3.232512e-01 -6.297042e-01 -7.235166e-01 -7.162420e-01 -6.110967e-01 -1.493889e+00 -6.481008e-01 -3.778764e-01 -5.707331e-01 -1.270240e+00
-3.304768e-01 -6.330576e-01 -7.256956e-01 -7.177406e-01 -6.117975e-01 -1.497678e+00 -6.514833e-01 -3.809805e-01 -5.804992e-01 -1.273211e+00
-3.373163e-01 -6.362889e-01 -7.278348e-01 -7.191807e-01 -6.125766e-01 -1.501364e+00 -6.547382e-01 -3.840055e-01 -5.895067e-01 -1.276105e+00
-3.437833e-01 -6.394009e-01 -7.299306e-01 -7.205651e-01 -6.134275e-01 -1.504951e+00 -6.578702e-01 -3.869543e-01 -5.978275e-01 -1.278924e+00
-3.498952e-01 -6.423977e-01 -7.319805e-01 -7.218969e-01 -6.143453e-01 -1.508446e+00 -6.608845e-01 -3.898298e-01 -6.055291e-01 -1.281670e+00
-3.556719e-01 -6.452834e-01 -7.339827e-01 -7.231788e-01 -6.153258e-01 -1.511852e+00 -6.637869e-01 -3.926345e-01 -6.126737e-01 -1.284347e+00
-3.611342e-01 -6.480631e-01 -7.359367e-01 -7.244137e-01 -6.163655e-01 -1.515173e+00 -6.665830e-01 -3.953708e-01 -6.193177e-01 -1.286955e+00
-3.663030e-01 -6.507415e-01 -7.378423e-01 -7.256044e-01 -6.174608e-01 -1.518413e+00 -6.692784e-01 -3.980409e-01 -6.255113e-01 -1.289498e+00
-3.711987e-01 -6.533237e-01 -7.396999e-01 -7.267536e-01 -6.186081e-01 -1.521574e+00 -6.718788e-01 -4.006468e-01 -6.312994e-01 -1.291979e+00
-3.758410e-01 -6.558146e-01 -7.415102e-01 -7.278639e-01 -6.198037e-01 -1.524661e+00 -6.743894e-01 -4.031906e-01 -6.367220e-01 -1.294399e+00
-3.802483e-01 -6.582191e-01 -7.432743e-01 -7.289375e-01 -6.210437e-01 -1.527674e+00 -6.768155e-01 -4.056743e-01 -6.418142e-01 -1.296762e+00
-3.844379e-01 -6.605419e-01 -7.449933e-01 -7.299768e-01 -6.223244e-01 -1.530617e+00 -6.791619e-01 -4.080998e-01 -6.466075e-01 -1.299071e+00
-3.884259e-01 -6.627872e-01 -7.466688e-01 -7.309838e-01 -6.236418e-01 -1.533493e+00 -6.814332e-01 -4.104689e-01 -6.511294e-01 -1.301326e+00
-3.922272e-01 -6.649595e-01 -7.483021e-01 -7.319604e-01 -6.249923e-01 -1.536303e+00 -6.836337e-01 -4.127834e-01 -6.554047e-01 -1.303531e+00
-3.958555e-01 -6.670626e-01 -7.498949e-01 -7.329085e-01 -6.263723e-01 -1.539049e+00 -6.857674e-01 -4.150452e-01 -6.594553e-01 -1.305687e+00
-3.993232e-01 -6.691004e-01 -7.514486e-01 -7.338298e-01 -6.277784e-01 -1.541734e+00 -6.878381e-01 -4.172560e-01 -6.633006e-01 -1.307798e+00
-4.026420e-01 -6.710765e-01 -7.529648e-01 -7.347257e-01 -6.292075e-01 -1.544360e+00 -6.898494e-01 -4.194176e-01 -6.669580e-01 -1.309864e+00
-4.058224e-01 -6.729940e-01 -7.544452e-01 -7.355978e-01 -6.306567e-01 -1.546928e+00 -6.918045e-01 -4.215315e-01 -6.704432e-01 -1.311887e+00
-4.088741e-01 -6.748562e-01 -7.558912e-01 -7.364474e-01 -6.321234e-01 -1.549441e+00 -6.937066e-01 -4.235996e-01 -6.737700e-01 -1.313869e+00
-4.118060e-01 -6.766660e-01 -7.573045e-01 -7.372756e-01 -6.336052e-01 -1.551901e+00 -6.955584e-01 -4.256233e-01 -6.769511e-01 -1.315813e+00
-4.146262e-01 -6.784262e-01 -7.586863e-01 -7.380837e-01 -6.351000e-01 -1.554309e+00 -6.973627e-01 -4.276044e-01 -6.799978e-01 -1.317718e+00
-4.173421e-01 -6.801393e-01 -7.600383e-01 -7.388727e-01 -6.366060e-01 -1.556667e+00 -6.991218e-01 -4.295443e-01 -6.829202e-01 -1.319588e+00
-4.199607e-01 -6.818077e-01 -7.613616e-01 -7.396436e-01 -6.381215e-01 -1.558976e+00 -7.008383e-01 -4.314447e-01 -6.857276e-01 -1.321422e+00
-4.224882e-01 -6.834338e-01 -7.626578e-01 -7.403974e-01 -6.396451e-01 -1.561239e+00 -7.025141e-01 -4.333069e-01 -6.884284e-01 -1.323223e+00
-4.249304e-01 -6.850196e-01 -7.639281e-01 -7.411348e-01 -6.411757e-01 -1.563457e+00 -7.041514e-01 -4.351326e-01 -6.910302e-01 -1.324991e+00
-4.272927e-01 -6.865672e-01 -7.651736e-01 -7.418567e-01 -6.427122e-01 -1.565631e+00 -7.057521e-01 -4.369230e-01 -6.935400e-01 -1.326728e+00
-4.295799e-01 -6.880783e-01 -7.663957e-01 -7.425639e-01 -6.442539e-01 -1.567763e+00 -7.073178e-01 -4.386796e-01 -6.959641e-01 -1.328436e+00
-4.317967e-01 -6.895550e-01 -7.675953e-01 -7.432571e-01 -6.458001e-01 -1.569855e+00 -7.088503e-01 -4.404038e-01 -6.983084e-01 -1.330114e+00
-4.339473e-01 -6.909986e-01 -7.687737e-01 -7.439369e-01 -6.473502e-01 -1.571906e+00 -7.103511e-01 -4.420969e-01 -7.005781e-01 -1.331764e+00
-4.360354e-01 -6.924110e-01 -7.699318e-01 -7.446039e-01 -6.489038e-01 -1.573920e+00 -7.118217e-01 -4.437601e-01 -7.027781e-01 -1.333386e+00
-4.380648e-01 -6.937935e-01 -7.710707e-01 -7.452587e-01 -6.504606e-01 -1.575897e+00 -7.132634e-01 -4.453949e-01 -7.049131e-01 -1.334983e+00
-4.400388e-01 -6.951476e-01 -7.721913e-01 -7.459019e-01 -6.520204e-01 -1.577838e+00 -7.146775e-01 -4.470023e-01 -7.069870e-01 -1.336554e+00
-4.419605e-01 -6.964746e-01 -7.732946e-01 -7.465340e-01 -6.535831e-01 -1.579744e+00 -7.160653e-01 -4.485837e-01 -7.090039e-01 -1.338101e+00
-4.438328e-01 -6.977758e-01 -7.743813e-01 -7.471554e-01 -6.551486e-01 -1.581616e+00 -7.174278e-01 -4.501401e-01 -7.109672e-01 -1.339623e+00
-4.456584e-01 -6.990524e-01 -7.754524e-01 -7.477667e-01 -6.567168e-01 -1.583456e+00 -7.187662e-01 -4.516729e-01 -7.128802e-01 -1.341123e+00
-4.474400e-01 -7.003056e-01 -7.765087e-01 -7.483682e-01 -6.582879e-01 -1.585264e+00 -7.200813e-01 -4.531831e-01 -7.147461e-01 -1.342600e+00
-4.491797e-01 -7.015365e-01 -7.775510e-01 -7.489604e-01 -6.598618e-01 -1.587042e+00 -7.213743e-01 -4.546719e-01 -7.165676e-01 -1.344056e+00
-4.508799e-01 -7.027461e-01 -7.785800e-01 -7.495437e-01 -6.614387e-01 -1.588789e+00 -7.226460e-01 -4.561403e-01 -7.183474e-01 -1.345490e+00
-4.525426e-01 -7.039355e-01 -7.795964e-01 -7.501184e-01 -6.630187e-01 -1.590508e+00 -7.238972e-01 -4.575894e-01 -7.200881e-01 -1.346904e+00
-4.541698e-01 -7.051056e-01 -7.806010e-01 -7.506848e-01 -6.646019e-01 -1.592198e+00 -7.251287e-01 -4.590204e-01 -7.217919e-01 -1.348298e+00
-4.557633e-01 -7.062574e-01 -7.815944e-01 -7.512434e-01 -6.661884e-01 -1.593861e+00 -7.263413e-01 -4.604342e-01 -7.234611e-01 -1.349673e+00
-4.573248e-01 -7.073917e-01 -7.825773e-01 -7.517944e-01 -6.677784e-01 -1.595498e+00 -7.275358e-01 -4.618319e-01 -7.250976e-01 -1.351029e+00
-4.588560e-01 -7.085095e-01 -7.835503e-01 -7.523382e-01 -6.693721e-01 -1.597108e+00 -7.287127e-01 -4.632145e-01 -7.267035e-01 -1.352367e+00
-4.603585e-01 -7.096115e-01 -7.845141e-01 -7.528750e-01 -6.709696e-01 -1.598693e+00 -7.298727e-01 -4.645830e-01 -7.282804e-01 -1.353687e+00
-4.618336e-01 -7.106987e-01 -7.854692e-01 -7.534051e-01 -6.725711e-01 -1.600253e+00 -7.310166e-01 -4.659384e-01 -7.298301e-01 -1.354990e+00
-4.632828e-01 -7.117718e-01 -7.864163e-01 -7.539289e-01 -6.741766e-01 -1.601789e+00 -7.321447e-01 -4.672817e-01 -7.313543e-01 -1.356276e+00
-4.647073e-01 -7.128316e-01 -7.873558e-01 -7.544464e-01 -6.757864e-01 -1.603302e+00 -7.332577e-01 -4.686139e-01 -7.328544e-01 -1.357546e+00
-4.661085e-01 -7.138789e-01 -7.882884e-01 -7.549581e-01 -6.774006e-01 -1.604792e+00 -7.343561e-01 -4.699359e-01 -7.343317e-01 -1.358800e+00
-4.674874e-01 -7.149143e-01 -7.892146e-01 -7.554641e-01 -6.790194e-01 -1.606259e+00 -7.354403e-01 -4.712487e-01 -7.357878e-01 -1.360038e+00
-4.688452e-01 -7.159387e-01 -7.901349e-01 -7.559648e-01 -6.806430e-01 -1.607705e+00 -7.365109e-01 -4.725532e-01 -7.372238e-01 -1.361262e+00
-4.701829e-01 -7.169527e-01 -7.910499e-01 -7.564602e-01 -6.822714e-01 -1.609129e+00 -7.375683e-01 -4.738504e-01 -7.386410e-01 -1.362471e+00
-4.715017e-01 -7.179571e-01 -7.919600e-01 -7.569507e-01 -6.839049e-01 -1.610532e+00 -7.386129e-01 -4.751412e-01 -7.400404e-01 -1.363665e+00
-4.728023e-01 -7.189525e-01 -7.928657e-01 -7.574364e-01 -6.855436e-01 -1.611915e+00 -7.396451e-01 -4.764266e-01 -7.414232e-01 -1.364846e+00
-4.740858e-01 -7.199396e-01 -7.937675e-01 -7.579176e-01 -6.871879e-01 -1.613277e+00 -7.406653e-01 -4.777074e-01 -7.427904e-01 -1.366013e+00
-4.753530e-01 -7.209191e-01 -7.946660e-01 -7.583945e-01 -6.888379e-01 -1.614620e+00 -7.416738e-01 -4.789846e-01 -7.441428e-01 -1.367168e+00
-4.766047e-01 -7.218916e-01 -7.955615e-01 -7.588672e-01 -6.904940e-01 -1.615944e+00 -7.426710e-01 -4.802591e-01 -7.454814e-01 -1.368309e+00
-4.778417e-01 -7.228579e-01 -7.964545e-01 -7.593360e-01 -6.921564e-01 -1.617248e+00 -7.436571e-01 -4.815318e-01 -7.468071e-01 -1.369438e+00
-4.790649e-01 -7.238185e-01 -7.973454e-01 -7.598010e-01 -6.938256e-01 -1.618534e+00 -7.446325e-01 -4.828037e-01 -7.481205e-01 -1.370554e+00
-4.802748e-01 -7.247742e-01 -7.982348e-01 -7.602624e-01 -6.955021e-01 -1.619802e+00 -7.455975e-01 -4.840756e-01 -7.494225e-01 -1.371659e+00
-4.814721e-01 -7.257256e-01 -7.991229e-01 -7.607205e-01 -6.971863e-01 -1.621052e+00 -7.465523e-01 -4.853485e-01 -7.507136e-01 -1.372752e+00
-4.826576e-01 -7.266732e-01 -8.000103e-01 -7.611753e-01 -6.988789e-01 -1.622284e+00 -7.474971e-01 -4.866232e-01 -7.519946e-01 -1.373834e+00
-4.838317e-01 -7.276179e-01 -8.008973e-01 -7.616271e-01 -7.005807e-01 -1.623498e+00 -7.484322e-01 -4.879006e-01 -7.532659e-01 -1.374904e+00
-4.849950e-01 -7.285601e-01 -8.017843e-01 -7.620760e-01 -7.022926e-01 -1.624696e+00 -7.493578e-01 -4.891818e-01 -7.545281e-01 -1.375964e+00
-4.861482e-01 -7.295005e-01 -8.026717e-01 -7.625221e-01 -7.040157e-01 -1.625876e+00 -7.502741e-01 -4.904675e-01 -7.557816e-01 -1.377013e+00
-4.872916e-01 -7.304398e-01 -8.035598e-01 -7.629656e-01 -7.057512e-01 -1.627040e+00 -7.511812e-01 -4.917587e-01 -7.570268e-01 -1.378052e+00
-4.884257e-01 -7.313786e-01 -8.044490e-01 -7.634066e-01 -7.075008e-01 -1.628187e+00 -7.520794e-01 -4.930564e-01 -7.582639e-01 -1.379081e+00
-4.895510e-01 -7.323175e-01 -8.053395e-01 -7.638452e-01 -7.092661e-01 -1.629317e+00 -7.529687e-01 -4.943613e-01 -7.594933e-01 -1.380100e+00
-4.906677e-01 -7.332570e-01 -8.062318e-01 -7.642815e-01 -7.110494e-01 -1.630432e+00 -7.538493e-01 -4.956745e-01 -7.607151e-01 -1.381109e+00
-4.917763e-01 -7.341979e-01 -8.071261e-01 -7.647157e-01 -7.128533e-01 -1.631530e+00 -7.547214e-01 -4.969968e-01 -7.619293e-01 -1.382109e+00
-4.928769e-01 -7.351408e-01 -8.080225e-01 -7.651477e-01 -7.146808e-01 -1.632612e+00 -7.555850e-01 -4.983292e-01 -7.631360e-01 -1.383100e+00
-4.939699e-01 -7.360861e-01 -8.089214e-01 -7.655776e-01 -7.165356e-01 -1.633678e+00 -7.564402e-01 -4.996726e-01 -7.643349e-01 -1.384081e+00
-4.950555e-01 -7.370346e-01 -8.098229e-01 -7.660054e-01 -7.184221e-01 -1.634728e+00 -7.572871e-01 -5.010278e-01 -7.655258e-01 -1.385053e+00
-4.961336e-01 -7.379867e-01 -8.107271e-01 -7.664311e-01 -7.203455e-01 -1.635762e+00 -7.581258e-01 -5.023958e-01 -7.667084e-01 -1.386017e+00
-4.972045e-01 -7.389431e-01 -8.116341e-01 -7.668547e-01 -7.223122e-01 -1.636780e+00 -7.589563e-01 -5.037775e-01 -7.678821e-01 -1.386972e+00
-4.982680e-01 -7.399042e-01 -8.125440e-01 -7.672760e-01 -7.243296e-01 -1.637781e+00 -7.597787e-01 -5.051737e-01 -7.690461e-01 -1.387919e+00
-4.993242e-01 -7.408706e-01 -8.134566e-01 -7.676948e-01 -7.264065e-01 -1.638767e+00 -7.605930e-01 -5.065851e-01 -7.701995e-01 -1.388857e+00
-5.003728e-01 -7.418426e-01 -8.143719e-01 -7.681111e-01 -7.285536e-01 -1.639735e+00 -7.613993e-01 -5.080126e-01 -7.713413e-01 -1.389787e+00
-5.014136e-01 -7.428208e-01 -8.152896e-01 -7.685245e-01 -7.307833e-01 -1.640687e+00 -7.621975e-01 -5.094567e-01 -7.724701e-01 -1.390708e+00
-5.024462e-01 -7.438054e-01 -8.162096e-01 -7.689348e-01 -7.331100e-01 -1.641621e+00 -7.629876e-01 -5.109181e-01 -7.735844e-01 -1.391622e+00
-5.034702e-01 -7.447967e-01 -8.171312e-01 -7.693414e-01 -7.355504e-01 -1.642537e+00 -7.637696e-01 -5.123972e-01 -7.746823e-01 -1.392528e+00
-5.044851e-01 -7.457949e-01 -8.180541e-01 -7.697439e-01 -7.381234e-01 -1.643435e+00 -7.645436e-01 -5.138942e-01 -7.757618e-01 -1.393425e+00
-5.054900e-01 -7.468000e-01 -8.189776e-01 -7.701418e-01 -7.408494e-01 -1.644313e+00 -7.653095e-01 -5.154091e-01 -7.768207e-01 -1.394315e+00
-5.064842e-01 -7.478119e-01 -8.199009e-01 -7.705343e-01 -7.437505e-01 -1.645171e+00 -7.660672e-01 -5.169419e-01 -7.778565e-01 -1.395197e+00
-5.074666e-01 -7.488305e-01 -8.208229e-01 -7.709206e-01 -7.468489e-01 -1.646007e+00 -7.668166e-01 -5.184921e-01 -7.788664e-01 -1.396072e+00
-5.084358e-01 -7.498552e-01 -8.217426e-01 -7.712997e-01 -7.501660e-01 -1.646820e+00 -7.675579e-01 -5.200592e-01 -7.798476e-01 -1.396938e+00
-5.093905e-01 -7.508854e-01 -8.226585e-01 -7.716703e-01 -7.537209e-01 -1.647607e+00 -7.682908e-01 -5.216423e-01 -7.807966e-01 -1.397797e+00
-5.103285e-01 -7.519202e-01 -8.235690e-01 -7.720309e-01 -7.575289e-01 -1.648367e+00 -7.690154e-01 -5.232405e-01 -7.817095e-01 -1.398648e+00
-5.112478e-01 -7.529587e-01 -8.244721e-01 -7.723797e-01 -7.616009e-01 -1.649096e+00 -7.697316e-01 -5.248525e-01 -7.825815e-01 -1.399492e+00
-5.121455e-01 -7.539994e-01 -8.253655e-01 -7.727144e-01 -7.659422e-01 -1.649790e+00 -7.704394e-01 -5.264771e-01 -7.834068e-01 -1.400328e+00
-5.130182e-01 -7.550409e-01 -8.262464e-01 -7.730322e-01 -7.705540e-01 -1.650445e+00 -7.711388e-01 -5.281126e-01 -7.841781e-01 -1.401156e+00
-5.138618e-01 -7.560814e-01 -8.271118e-01 -7.733297e-01 -7.754341e-01 -1.651055e+00 -7.718300e-01 -5.297575e-01 -7.848862e-01 -1.401977e+00
-5.146716e-01 -7.571189e-01 -8.279582e-01 -7.736029e-01 -7.805787e-01 -1.651615e+00 -7.725127e-01 -5.314097e-01 -7.855202e-01 -1.402790e+00
-5.154416e-01 -7.581514e-01 -8.287815e-01 -7.738470e-01 -7.859844e-01 -1.652117e+00 -7.731873e-01 -5.330668e-01 -7.860669e-01 -1.403596e+00
-5.161647e-01 -7.591763e-01 -8.295775e-01 -7.740565e-01 -7.916506e-01 -1.652551e+00 -7.738535e-01 -5.347259e-01 -7.865108e-01 -1.404395e+00
-5.168322e-01 -7.601913e-01 -8.303412e-01 -7.742245e-01 -7.975812e-01 -1.652908e+00 -7.745114e-01 -5.363834e-01 -7.868339e-01 -1.405187e+00
-5.174335e-01 -7.611935e-01 -8.310671e-01 -7.743433e-01 -8.037859e-01 -1.653176e+00 -7.751609e-01 -5.380346e-01 -7.870153e-01 -1.405972e+00
-5.179555e-01 -7.621802e-01 -8.317492e-01 -7.744033e-01 -8.102823e-01 -1.653340e+00 -7.758018e-01 -5.396733e-01 -7.870312e-01 -1.406752e+00
-5.183819e-01 -7.631484e-01 -8.323805e-01 -7.743935e-01 -8.170968e-01 -1.653383e+00 -7.764338e-01 -5.412912e-01 -7.868544e-01 -1.407526e+00
-5.186927e-01 -7.640952e-01 -8.329532e-01 -7.743008e-01 -8.242656e-01 -1.653284e+00 -7.770567e-01 -5.428772e-01 -7.864538e-01 -1.408296e+00
-5.188639e-01 -7.650175e-01 -8.334584e-01 -7.741099e-01 -8.318341e-01 -1.653020e+00 -7.776700e-01 -5.444165e-01 -7.857942e-01 -1.409062e+00
-5.188671e-01 -7.659124e-01 -8.338863e-01 -7.738037e-01 -8.398552e-01 -1.652561e+00 -7.782732e-01 -5.458894e-01 -7.848366e-01 -1.409826e+00
-5.186703e-01 -7.667770e-01 -8.342260e-01 -7.733631e-01 -8.483840e-01 -1.651876e+00 -7.788658e-01 -5.472705e-01 -7.835374e-01 -1.410589e+00
-5.182394e-01 -7.676084e-01 -8.344660e-01 -7.727676e-01 -8.574690e-01 -1.650927e+00 -7.794477e-01 -5.485287e-01 -7.818493e-01 -1.411353e+00
-5.175394e-01 -7.684040e-01 -8.345940e-01 -7.719959e-01 -8.671407e-01 -1.649674e+00 -7.800189e-01 -5.496268e-01 -7.797200e-01 -1.412118e+00
-5.165345e-01 -7.691618e-01 -8.345968e-01 -7.710253e-01 -8.774022e-01 -1.648071e+00 -7.805803e-01 -5.505233e-01 -7.770911e-01 -1.412886e+00
-5.151850e-01 -7.698797e-01 -8.344600e-01 -7.698318e-01 -8.882276e-01 -1.646067e+00 -7.811336e-01 -5.511724e-01 -7.738961e-01 -1.413658e+00
-5.134419e-01 -7.705566e-01 -8.341679e-01 -7.683888e-01 -8.995717e-01 -1.643607e+00 -7.816811e-01 -5.515254e-01 -7.700581e-01 -1.414433e+00
-5.112412e-01 -7.711918e-01 -8.337034e-01 -7.666674e-01 -9.113870e-01 -1.640633e+00 -7.822264e-01 -5.515313e-01 -7.654897e-01 -1.415211e+00
-5.084997e-01 -7.717852e-01 -8.330494e-01 -7.646372e-01 -9.236400e-01 -1.637085e+00 -7.827738e-01 -5.511388e-01 -7.600937e-01 -1.415992e+00
-5.051133e-01 -7.723375e-01 -8.321903e-01 -7.622688e-01 -9.363194e-01 -1.632914e+00 -7.833288e-01 -5.502990e-01 -7.537667e-01 -1.416773e+00
-5.009572e-01 -7.728498e-01 -8.311146e-01 -7.595376e-01 -9.494330e-01 -1.628084e+00 -7.838977e-01 -5.489710e-01 -7.464046e-01 -1.417554e+00
-4.958904e-01 -7.733240e-01 -8.298189e-01 -7.564296e-01 -9.629942e-01 -1.622596e+00 -7.844885e-01 -5.471299e-01 -7.379162e-01 -1.418332e+00
-4.897669e-01 -7.737622e-01 -8.283132e-01 -7.529500e-01 -9.769965e-01 -1.616502e+00 -7.851107e-01 -5.447792e-01 -7.282463e-01 -1.419105e+00
-4.824628e-01 -7.741672e-01 -8.266261e-01 -7.491323e-01 -9.913772e-01 -1.609939e+00 -7.857763e-01 -5.419651e-01 -7.174168e-01 -1.419873e+00
-4.739205e-01 -7.745414e-01 -8.248084e-01 -7.450449e-01 -1.005993e+00 -1.603139e+00 -7.865003e-01 -5.387875e-01 -7.055802e-01 -1.420633e+00
-4.642020e-01 -7.748874e-01 -8.229297e-01 -7.407883e-01 -1.020629e+00 -1.596426e+00 -7.873014e-01 -5.353988e-01 -6.930647e-01 -1.421386e+00
-4.535256e-01 -7.752072e-01 -8.210682e-01 -7.364800e-01 -1.035048e+00 -1.590163e+00 -7.881987e-01 -5.319820e-01 -6.803671e-01 -1.422132e+00
-4.422471e-01 -7.755026e-01 -8.192954e-01 -7.322346e-01 -1.049027e+00 -1.584675e+00 -7.892072e-01 -5.287184e-01 -6.680596e-01 -1.422872e+00
-4.307718e-01 -7.757749e-01 -8.176622e-01 -7.281438e-01 -1.062415e+00 -1.580177e+00 -7.903312e-01 -5.257543e-01 -6.566295e-01 -1.423607e+00
-4.194402e-01 -7.760254e-01 -8.161918e-01 -7.242647e-01 -1.075145e+00 -1.576739e+00 -7.915625e-01 -5.231827e-01 -6.463437e-01 -1.424337e+00
-4.084525e-01 -7.762549e-01 -8.148810e-01 -7.206186e-01 -1.087228e+00 -1.574312e+00 -7.928818e-01 -5.210439e-01 -6.372161e-01 -1.425061e+00
-3.978673e-01 -7.764637e-01 -8.137077e-01 -7.171970e-01 -1.098726e+00 -1.572773e+00 -7.942640e-01 -5.193383e-01 -6.290790e-01 -1.425778e+00
-3.876502e-01 -7.766513e-01 -8.126379e-01 -7.139710e-01 -1.109718e+00 -1.571975e+00 -7.956831e-01 -5.180449e-01 -6.216907e-01 -1.426484e+00
-3.777305e-01 -7.768154e-01 -8.116308e-01 -7.108982e-01 -1.120283e+00 -1.571786e+00 -7.971146e-01 -5.171357e-01 -6.148197e-01 -1.427177e+00
-3.680393e-01 -7.769518e-01 -8.106382e-01 -7.079251e-01 -1.130484e+00 -1.572094e+00 -7.985355e-01 -5.165850e-01 -6.082881e-01 -1.427854e+00
-3.585252e-01 -7.770532e-01 -8.096012e-01 -7.049850e-01 -1.140367e+00 -1.572820e+00 -7.999220e-01 -5.163725e-01 -6.019808e-01 -1.428509e+00
-3.491506e-01 -7.771078e-01 -8.084423e-01 -7.019906e-01 -1.149957e+00 -1.573901e+00 -8.012456e-01 -5.164839e-01 -5.958372e-01 -1.429134e+00
-3.398795e-01 -7.770967e-01 -8.070542e-01 -6.988215e-01 -1.159267e+00 -1.575296e+00 -8.024673e-01 -5.169090e-01 -5.898360e-01 -1.429718e+00
-3.306636e-01 -7.769916e-01 -8.052873e-01 -6.953066e-01 -1.168293e+00 -1.576970e+00 -8.035297e-01 -5.176398e-01 -5.839778e-01 -1.430240e+00
-3.214500e-01 -7.767541e-01 -8.029580e-01 -6.912214e-01 -1.177024e+00 -1.578895e+00 -8.043593e-01 -5.186704e-01 -5.782677e-01 -1.430682e+00
-3.122623e-01 -7.763567e-01 -7.999671e-01 -6.863836e-01 -1.185441e+00 -1.581044e+00 -8.049264e-01 -5.199993e-01 -5.726983e-01 -1.431043e+00
-3.033396e-01 -7.758335e-01 -7.965989e-01 -6.809495e-01 -1.193517e+00 -1.583385e+00 -8.053822e-01 -5.216347e-01 -5.672536e-01 -1.431372e+00
-2.950554e-01 -7.752582e-01 -7.934725e-01 -6.754728e-01 -1.201218e+00 -1.585891e+00 -8.059261e-01 -5.235873e-01 -5.619441e-01 -1.431705e+00
-2.877161e-01 -7.746862e-01 -7.910712e-01 -6.705058e-01 -1.208528e+00 -1.588541e+00 -8.066181e-01 -5.258566e-01 -5.568109e-01 -1.432030e+00
-2.814053e-01 -7.741516e-01 -7.895418e-01 -6.663183e-01 -1.215452e+00 -1.591327e+00 -8.074539e-01 -5.284278e-01 -5.519084e-01 -1.432337e+00
-2.760181e-01 -7.736541e-01 -7.887595e-01 -6.628759e-01 -1.221994e+00 -1.594248e+00 -8.083689e-01 -5.312797e-01 -5.472915e-01 -1.432609e+00
-2.714112e-01 -7.731733e-01 -7.885138e-01 -6.600121e-01 -1.228154e+00 -1.597305e+00 -8.092726e-01 -5.343913e-01 -5.430024e-01 -1.432815e+00
-2.674723e-01 -7.726872e-01 -7.886217e-01 -6.575586e-01 -1.233924e+00 -1.600497e+00 -8.100875e-01 -5.377419e-01 -5.390634e-01 -1.432929e+00
-2.641260e-01 -7.721817e-01 -7.889560e-01 -6.553898e-01 -1.239299e+00 -1.603821e+00 -8.107634e-01 -5.413103e-01 -5.354767e-01 -1.432931e+00
-2.613221e-01 -7.716510e-01 -7.894387e-01 -6.534241e-01 -1.244273e+00 -1.607272e+00 -8.112753e-01 -5.450736e-01 -5.322292e-01 -1.432809e+00
-2.590238e-01 -7.710963e-01 -7.900254e-01 -6.516115e-01 -1.248843e+00 -1.610843e+00 -8.116168e-01 -5.490081e-01 -5.292975e-01 -1.432557e+00
-2.572009e-01 -7.705230e-01 -7.906923e-01 -6.499231e-01 -1.253008e+00 -1.614525e+00 -8.117927e-01 -5.530892e-01 -5.266520e-01 -1.432175e+00
-2.558254e-01 -7.699392e-01 -7.914272e-01 -6.483420e-01 -1.256770e+00 -1.618312e+00 -8.118142e-01 -5.572930e-01 -5.242592e-01 -1.431662e+00
-2.548694e-01 -7.693541e-01 -7.922239e-01 -6.468599e-01 -1.260126e+00 -1.622197e+00 -8.116951e-01 -5.615976e-01 -5.220839e-01 -1.431022e+00
-2.543033e-01 -7.687772e-01 -7.930791e-01 -6.454757e-01 -1.263063e+00 -1.626180e+00 -8.114499e-01 -5.659868e-01 -5.200892e-01 -1.430255e+00
-2.540930e-01 -7.682179e-01 -7.939906e-01 -6.441969e-01 -1.265542e+00 -1.630269e+00 -8.110928e-01 -5.704538e-01 -5.182357e-01 -1.429364e+00
-2.541936e-01 -7.676849e-01 -7.949571e-01 -6.430450e-01 -1.267471e+00 -1.634486e+00 -8.106373e-01 -5.750095e-01 -5.164781e-01 -1.428348e+00
-2.545380e-01 -7.671864e-01 -7.959781e-01 -6.420664e-01 -1.268633e+00 -1.638882e+00 -8.100967e-01 -5.796981e-01 -5.147581e-01 -1.427205e+00
-2.550086e-01 -7.667293e-01 -7.970554e-01 -6.413502e-01 -1.268583e+00 -1.643558e+00 -8.094858e-01 -5.846215e-01 -5.129841e-01 -1.425927e+00
-2.552651e-01 -7.663124e-01 -7.981659e-01 -6.409567e-01 -1.267513e+00 -1.648582e+00 -8.088000e-01 -5.898579e-01 -5.109047e-01 -1.424492e+00
-2.544801e-01 -7.659146e-01 -7.991877e-01 -6.405401e-01 -1.270156e+00 -1.653452e+00 -8.079627e-01 -5.949635e-01 -5.079481e-01 -1.422858e+00
-2.548199e-01 -7.656627e-01 -8.005199e-01 -6.407484e-01 -1.267024e+00 -1.658929e+00 -8.072878e-01 -6.005651e-01 -5.057613e-01 -1.421215e+00
-2.516626e-01 -7.652177e-01 -8.011038e-01 -6.394294e-01 -1.282452e+00 -1.662836e+00 -8.057982e-01 -6.046539e-01 -5.009845e-01 -1.419040e+00
-2.582905e-01 -7.653841e-01 -8.034522e-01 -6.409977e-01 -1.256815e+00 -1.670134e+00 -8.056656e-01 -6.113523e-01 -5.030429e-01 -1.417621e+00
-2.506381e-01 -7.645928e-01 -8.027458e-01 -6.414974e-01 -1.273190e+00 -1.676221e+00 -8.027727e-01 -6.177933e-01 -4.945601e-01 -1.413949e+00
-2.484285e-01 -7.648966e-01 -8.046399e-01 -6.433494e-01 -1.281207e+00 -1.681459e+00 -8.023196e-01 -6.232103e-01 -4.910539e-01 -1.412086e+00
-2.534279e-01 -7.649830e-01 -8.063738e-01 -6.448086e-01 -1.258100e+00 -1.688826e+00 -8.013699e-01 -6.298544e-01 -4.926184e-01 -1.409698e+00
-2.441396e-01 -7.639711e-01 -8.047262e-01 -6.425304e-01 -1.294372e+00 -1.692384e+00 -7.970637e-01 -6.337519e-01 -4.834072e-01 -1.404613e+00
-2.527412e-01 -7.647160e-01 -8.076083e-01 -6.462957e-01 -1.254537e+00 -1.701578e+00 -7.970096e-01 -6.417456e-01 -4.862190e-01 -1.402672e+00
-2.491559e-01 -7.640201e-01 -8.064160e-01 -6.499637e-01 -1.241876e+00 -1.712176e+00 -7.925205e-01 -6.505986e-01 -4.795425e-01 -1.396532e+00
-2.400667e-01 -7.635754e-01 -8.052790e-01 -6.489783e-01 -1.305380e+00 -1.715989e+00 -7.883920e-01 -6.542555e-01 -4.719188e-01 -1.390608e+00
-2.390854e-01 -7.637642e-01 -8.057631e-01 -6.500722e-01 -1.307384e+00 -1.721666e+00 -7.863000e-01 -6.595841e-01 -4.640780e-01 -1.386716e+00
-2.411888e-01 -7.640486e-01 -8.066229e-01 -6.511379e-01 -1.296824e+00 -1.727833e+00 -7.852310e-01 -6.652186e-01 -4.605956e-01 -1.383447e+00
-2.435756e-01 -7.637795e-01 -8.059475e-01 -6.530801e-01 -1.276922e+00 -1.735822e+00 -7.824316e-01 -6.719200e-01 -4.583677e-01 -1.378204e+00
-2.335217e-01 -7.628782e-01 -8.035404e-01 -6.524507e-01 -1.309191e+00 -1.740955e+00 -7.779685e-01 -6.772892e-01 -4.516246e-01 -1.370870e+00
-2.389968e-01 -7.629816e-01 -8.045099e-01 -6.527393e-01 -1.281537e+00 -1.748100e+00 -7.778703e-01 -6.828532e-01 -4.535212e-01 -1.367406e+00
-2.321856e-01 -7.618400e-01 -8.017128e-01 -6.524701e-01 -1.306393e+00 -1.754478e+00 -7.732351e-01 -6.889640e-01 -4.487781e-01 -1.358696e+00
-2.420062e-01 -7.619644e-01 -8.029908e-01 -6.541906e-01 -1.279415e+00 -1.763604e+00 -7.733927e-01 -6.945249e-01 -4.522498e-01 -1.354626e+00
-2.271317e-01 -7.603972e-01 -7.999762e-01 -6.509698e-01 -1.328132e+00 -1.767362e+00 -7.693568e-01 -6.980148e-01 -4.425396e-01 -1.343951e+00
-2.331262e-01 -7.608551e-01 -8.031872e-01 -6.513761e-01 -1.303510e+00 -1.774353e+00 -7.741358e-01 -7.029950e-01 -4.424965e-01 -1.343142e+00
-2.274248e-01 -7.600605e-01 -8.026783e-01 -6.517288e-01 -1.308897e+00 -1.780930e+00 -7.742582e-01 -7.092858e-01 -4.376105e-01 -1.335360e+00
-2.242762e-01 -7.598883e-01 -8.043190e-01 -6.527353e-01 -1.308869e+00 -1.787437e+00 -7.776856e-01 -7.149804e-01 -4.360163e-01 -1.329855e+00
-2.147821e-01 -7.592150e-01 -8.052404e-01 -6.502521e-01 -1.339375e+00 -1.791091e+00 -7.807797e-01 -7.175998e-01 -4.324655e-01 -1.321795e+00
-2.189410e-01 -7.593380e-01 -8.084000e-01 -6.493389e-01 -1.319259e+00 -1.797719e+00 -7.870786e-01 -7.217983e-01 -4.331873e-01 -1.316921e+00
-2.079066e-01 -7.583339e-01 -8.088070e-01 -6.456868e-01 -1.356964e+00 -1.800542e+00 -7.898964e-01 -7.234372e-01 -4.275132e-01 -1.303437e+00
-2.158082e-01 -7.590678e-01 -8.134826e-01 -6.458318e-01 -1.325158e+00 -1.808554e+00 -7.987916e-01 -7.286191e-01 -4.288010e-01 -1.297058e+00
-2.040178e-01 -7.584413e-01 -8.146988e-01 -6.438369e-01 -1.363554e+00 -1.812650e+00 -8.031256e-01 -7.321918e-01 -4.239631e-01 -1.278111e+00
-2.085261e-01 -7.598122e-01 -8.209279e-01 -6.440826e-01 -1.335676e+00 -1.820127e+00 -8.148640e-01 -7.365126e-01 -4.254828e-01 -1.268825e+00
-1.947706e-01 -7.598335e-01 -8.238666e-01 -6.421899e-01 -1.379930e+00 -1.823383e+00 -8.222354e-01 -7.392047e-01 -4.234020e-01 -1.247993e+00
-1.958027e-01 -7.618825e-01 -8.315627e-01 -6.424351e-01 -1.363794e+00 -1.829425e+00 -8.362465e-01 -7.423177e-01 -4.247034e-01 -1.240078e+00
-1.811509e-01 -7.626465e-01 -8.368792e-01 -6.396260e-01 -1.409809e+00 -1.830565e+00 -8.467982e-01 -7.421335e-01 -4.238011e-01 -1.224102e+00
-1.827796e-01 -7.651871e-01 -8.457946e-01 -6.390162e-01 -1.409940e+00 -1.834360e+00 -8.614153e-01 -7.430155e-01 -4.245238e-01 -1.218770e+00
-1.912898e-01 -7.679908e-01 -8.544261e-01 -6.419489e-01 -1.361886e+00 -1.845398e+00 -8.742302e-01 -7.500599e-01 -4.272081e-01 -1.207398e+00
-1.832811e-01 -7.702983e-01 -8.621407e-01 -6.472991e-01 -1.376132e+00 -1.852315e+00 -8.852657e-01 -7.560253e-01 -4.307736e-01 -1.188405e+00
-1.623492e-01 -7.731979e-01 -8.717281e-01 -6.509669e-01 -1.421550e+00 -1.853776e+00 -8.983385e-01 -7.600211e-01 -4.270455e-01 -1.179316e+00
-1.553908e-01 -7.772242e-01 -8.822085e-01 -6.551782e-01 -1.429741e+00 -1.857395e+00 -9.114514e-01 -7.636377e-01 -4.264239e-01 -1.178484e+00
-1.485862e-01 -7.805477e-01 -8.909807e-01 -6.580264e-01 -1.443460e+00 -1.860760e+00 -9.218981e-01 -7.665614e-01 -4.290312e-01 -1.172275e+00
-1.457970e-01 -7.838229e-01 -8.993101e-01 -6.608288e-01 -1.438993e+00 -1.865433e+00 -9.313188e-01 -7.696516e-01 -4.310921e-01 -1.165485e+00
-1.408488e-01 -7.868109e-01 -9.066817e-01 -6.656480e-01 -1.441032e+00 -1.870041e+00 -9.392851e-01 -7.747448e-01 -4.315239e-01 -1.155988e+00
-1.370961e-01 -7.899521e-01 -9.137971e-01 -6.705055e-01 -1.440505e+00 -1.874752e+00 -9.466847e-01 -7.793456e-01 -4.334668e-01 -1.147953e+00
-1.290094e-01 -7.927070e-01 -9.201821e-01 -6.747000e-01 -1.450899e+00 -1.878444e+00 -9.531680e-01 -7.834952e-01 -4.343260e-01 -1.139990e+00
-1.242344e-01 -7.954948e-01 -9.261856e-01 -6.786167e-01 -1.454376e+00 -1.882568e+00 -9.590543e-01 -7.871986e-01 -4.353284e-01 -1.134357e+00
-1.181961e-01 -7.979692e-01 -9.315631e-01 -6.821456e-01 -1.461459e+00 -1.886455e+00 -9.641826e-01 -7.906367e-01 -4.354133e-01 -1.128384e+00
-1.122440e-01 -8.002963e-01 -9.365209e-01 -6.851872e-01 -1.469535e+00 -1.890128e+00 -9.687847e-01 -7.935197e-01 -4.345452e-01 -1.123248e+00
-1.053970e-01 -8.024009e-01 -9.410499e-01 -6.872470e-01 -1.483001e+00 -1.893190e+00 -9.728902e-01 -7.952951e-01 -4.322768e-01 -1.118786e+00
-1.009274e-01 -8.044224e-01 -9.453351e-01 -6.886620e-01 -1.486009e+00 -1.896310e+00 -9.766688e-01 -7.962647e-01 -4.285282e-01 -1.115387e+00
-9.894831e-02 -8.064317e-01 -9.493284e-01 -6.922781e-01 -1.469621e+00 -1.901318e+00 -9.800400e-01 -8.001619e-01 -4.235011e-01 -1.111105e+00
-9.533610e-02 -8.082101e-01 -9.527684e-01 -6.961229e-01 -1.473476e+00 -1.905043e+00 -9.828581e-01 -8.038411e-01 -4.214098e-01 -1.105534e+00
-8.602079e-02 -8.098147e-01 -9.560219e-01 -6.988975e-01 -1.489924e+00 -1.907619e+00 -9.854927e-01 -8.063925e-01 -4.179142e-01 -1.101434e+00
-7.811928e-02 -8.113584e-01 -9.590852e-01 -6.995265e-01 -1.510349e+00 -1.909475e+00 -9.879271e-01 -8.063633e-01 -4.144277e-01 -1.100128e+00
-8.146312e-02 -8.132190e-01 -9.621790e-01 -7.025936e-01 -1.483506e+00 -1.914449e+00 -9.902520e-01 -8.093324e-01 -4.109292e-01 -1.099382e+00
-7.578280e-02 -8.144413e-01 -9.646405e-01 -7.060435e-01 -1.492532e+00 -1.917605e+00 -9.920586e-01 -8.127936e-01 -4.077969e-01 -1.093721e+00
-6.940643e-02 -8.158147e-01 -9.671419e-01 -7.081407e-01 -1.504932e+00 -1.920077e+00 -9.938519e-01 -8.145019e-01 -4.048392e-01 -1.091045e+00
-5.992851e-02 -8.169158e-01 -9.694413e-01 -7.072206e-01 -1.532974e+00 -1.921060e+00 -9.954601e-01 -8.124024e-01 -3.999527e-01 -1.089801e+00
-6.033531e-02 -8.181726e-01 -9.717038e-01 -7.065651e-01 -1.535687e+00 -1.923327e+00 -9.969543e-01 -8.110705e-01 -3.904628e-01 -1.089449e+00
-6.120416e-02 -8.193356e-01 -9.737859e-01 -7.070210e-01 -1.536349e+00 -1.925879e+00 -9.982659e-01 -8.113486e-01 -3.782194e-01 -1.087511e+00
-5.983794e-02 -8.205092e-01 -9.757923e-01 -7.072934e-01 -1.539631e+00 -1.928047e+00 -9.994697e-01 -8.113604e-01 -3.660266e-01 -1.085928e+00
-5.825206e-02 -8.216816e-01 -9.776929e-01 -7.076994e-01 -1.541059e+00 -1.930240e+00 -1.000548e+00 -8.116092e-01 -3.553537e-01 -1.084667e+00
-5.573785e-02 -8.227997e-01 -9.794724e-01 -7.086979e-01 -1.540894e+00 -1.932593e+00 -1.001497e+00 -8.126110e-01 -3.462167e-01 -1.082927e+00
-5.173318e-02 -8.238304e-01 -9.811188e-01 -7.098969e-01 -1.543087e+00 -1.934705e+00 -1.002326e+00 -8.138525e-01 -3.389633e-01 -1.080788e+00
-4.844679e-02 -8.249441e-01 -9.827444e-01 -7.124395e-01 -1.537160e+00 -1.937606e+00 -1.003062e+00 -8.165639e-01 -3.338507e-01 -1.078877e+00
-4.239431e-02 -8.259928e-01 -9.843009e-01 -7.169929e-01 -1.527170e+00 -1.941206e+00 -1.003690e+00 -8.213444e-01 -3.305919e-01 -1.076030e+00
-5.459105e-02 -8.272143e-01 -9.856599e-01 -7.194084e-01 -1.512423e+00 -1.944052e+00 -1.004247e+00 -8.229674e-01 -3.355973e-01 -1.073100e+00
-3.425100e-02 -8.273059e-01 -9.866831e-01 -7.208589e-01 -1.550969e+00 -1.944105e+00 -1.004702e+00 -8.239517e-01 -3.284201e-01 -1.064357e+00
-3.290124e-02 -8.287516e-01 -9.883179e-01 -7.247758e-01 -1.528643e+00 -1.948122e+00 -1.005075e+00 -8.274533e-01 -3.235616e-01 -1.067344e+00
-3.780194e-02 -8.298383e-01 -9.895747e-01 -7.312964e-01 -1.504452e+00 -1.952564e+00 -1.005409e+00 -8.335200e-01 -3.266378e-01 -1.065472e+00
-1.538389e-02 -8.297286e-01 -9.903858e-01 -7.308213e-01 -1.559051e+00 -1.951163e+00 -1.005689e+00 -8.317919e-01 -3.249975e-01 -1.058784e+00
-1.625009e-02 -8.309845e-01 -9.917867e-01 -7.339362e-01 -1.539568e+00 -1.954559e+00 -1.005782e+00 -8.342392e-01 -3.173988e-01 -1.062262e+00
-2.800187e-02 -8.319610e-01 -9.928081e-01 -7.378171e-01 -1.518282e+00 -1.957693e+00 -1.005945e+00 -8.378338e-01 -3.182485e-01 -1.061773e+00
-1.166477e-02 -8.320420e-01 -9.936092e-01 -7.403594e-01 -1.551480e+00 -1.958325e+00 -1.006107e+00 -8.397137e-01 -3.126216e-01 -1.055159e+00
-3.792486e-03 -8.327371e-01 -9.946685e-01 -7.391036e-01 -1.569227e+00 -1.958134e+00 -1.005997e+00 -8.369017e-01 -3.077628e-01 -1.058122e+00
-5.288019e-03 -8.336606e-01 -9.957588e-01 -7.408948e-01 -1.554030e+00 -1.961135e+00 -1.005777e+00 -8.378474e-01 -3.022997e-01 -1.060348e+00
5.362664e-03 -8.337328e-01 -9.964668e-01 -7.394030e-01 -1.581715e+00 -1.960247e+00 -1.005699e+00 -8.350934e-01 -2.924873e-01 -1.057227e+00
-1.029850e-02 -8.350953e-01 -9.976052e-01 -7.458966e-01 -1.547096e+00 -1.964149e+00 -1.005394e+00 -8.414369e-01 -2.863234e-01 -1.059032e+00
-1.230073e-02 -8.358800e-01 -9.985205e-01 -7.542729e-01 -1.526118e+00 -1.968331e+00 -1.005230e+00 -8.497053e-01 -2.829873e-01 -1.053503e+00
7.246349e-03 -8.358641e-01 -9.991373e-01 -7.546925e-01 -1.570292e+00 -1.967506e+00 -1.005070e+00 -8.491229e-01 -2.827261e-01 -1.048426e+00
8.144709e-03 -8.369301e-01 -1.000157e+00 -7.568898e-01 -1.555228e+00 -1.970486e+00 -1.004348e+00 -8.504519e-01 -2.801166e-01 -1.052727e+00
3.958116e-03 -8.377545e-01 -1.000986e+00 -7.642865e-01 -1.531436e+00 -1.974261e+00 -1.003962e+00 -8.579288e-01 -2.815707e-01 -1.051732e+00
1.654007e-02 -8.378067e-01 -1.001534e+00 -7.655777e-01 -1.564694e+00 -1.974359e+00 -1.003721e+00 -8.584539e-01 -2.841029e-01 -1.046995e+00
2.206803e-02 -8.383879e-01 -1.002305e+00 -7.641854e-01 -1.577147e+00 -1.974816e+00 -1.002896e+00 -8.555553e-01 -2.815608e-01 -1.048682e+00
2.036962e-02 -8.392184e-01 -1.003147e+00 -7.685253e-01 -1.553683e+00 -1.979003e+00 -1.002040e+00 -8.593846e-01 -2.735687e-01 -1.048372e+00
8.855758e-03 -8.398002e-01 -1.003700e+00 -7.710679e-01 -1.541992e+00 -1.980244e+00 -1.001537e+00 -8.620974e-01 -2.737244e-01 -1.045749e+00
2.725403e-02 -8.397527e-01 -1.004244e+00 -7.707627e-01 -1.581569e+00 -1.980045e+00 -1.000928e+00 -8.601793e-01 -2.663651e-01 -1.040253e+00
2.664419e-02 -8.408187e-01 -1.005150e+00 -7.753285e-01 -1.552924e+00 -1.984363e+00 -9.994931e-01 -8.640392e-01 -2.559517e-01 -1.043100e+00
2.213593e-02 -8.413516e-01 -1.005698e+00 -7.806740e-01 -1.543909e+00 -1.986100e+00 -9.988703e-01 -8.696847e-01 -2.576612e-01 -1.042481e+00
3.812359e-02 -8.412805e-01 -1.006138e+00 -7.798741e-01 -1.588018e+00 -1.985370e+00 -9.981926e-01 -8.674105e-01 -2.570747e-01 -1.039542e+00
3.733262e-02 -8.421334e-01 -1.006880e+00 -7.806158e-01 -1.576184e+00 -1.987671e+00 -9.965066e-01 -8.670713e-01 -2.507316e-01 -1.043010e+00
4.405225e-02 -8.424044e-01 -1.007408e+00 -7.825394e-01 -1.585062e+00 -1.989288e+00 -9.955404e-01 -8.680782e-01 -2.417095e-01 -1.041440e+00
4.662994e-02 -8.428282e-01 -1.007930e+00 -7.822728e-01 -1.594710e+00 -1.989850e+00 -9.942303e-01 -8.668748e-01 -2.346681e-01 -1.042613e+00
4.353161e-02 -8.435624e-01 -1.008558e+00 -7.875231e-01 -1.577392e+00 -1.992323e+00 -9.927243e-01 -8.722781e-01 -2.292768e-01 -1.044000e+00
4.789995e-02 -8.442124e-01 -1.009196e+00 -7.924119e-01 -1.564412e+00 -1.995922e+00 -9.911030e-01 -8.764720e-01 -2.292548e-01 -1.042609e+00
3.383752e-02 -8.443395e-01 -1.009391e+00 -7.861244e-01 -1.582004e+00 -1.992906e+00 -9.899599e-01 -8.697505e-01 -2.383077e-01 -1.039951e+00
4.501250e-02 -8.446288e-01 -1.009941e+00 -7.883573e-01 -1.591745e+00 -1.995257e+00 -9.883591e-01 -8.707946e-01 -2.227681e-01 -1.032271e+00
4.971652e-02 -8.454719e-01 -1.010637e+00 -7.941118e-01 -1.572240e+00 -1.999458e+00 -9.859470e-01 -8.758299e-01 -2.118694e-01 -1.032912e+00
4.573617e-02 -8.458193e-01 -1.010993e+00 -7.969377e-01 -1.572733e+00 -1.999303e+00 -9.845064e-01 -8.790341e-01 -2.172924e-01 -1.033979e+00
5.263605e-02 -8.462626e-01 -1.011506e+00 -8.029256e-01 -1.569080e+00 -2.001716e+00 -9.826921e-01 -8.848914e-01 -2.200049e-01 -1.031996e+00
5.769878e-02 -8.467546e-01 -1.012006e+00 -8.077612e-01 -1.566840e+00 -2.003782e+00 -9.805692e-01 -8.894548e-01 -2.280857e-01 -1.031736e+00
6.063747e-02 -8.472410e-01 -1.012484e+00 -8.125811e-01 -1.562155e+00 -2.006042e+00 -9.784586e-01 -8.940607e-01 -2.368293e-01 -1.030546e+00
6.914347e-02 -8.474115e-01 -1.012877e+00 -8.135063e-01 -1.584893e+00 -2.006813e+00 -9.764653e-01 -8.937557e-01 -2.426629e-01 -1.028070e+00
7.141868e-02 -8.477150e-01 -1.013257e+00 -8.118881e-01 -1.601519e+00 -2.007328e+00 -9.739996e-01 -8.908080e-01 -2.399878e-01 -1.026788e+00
6.367794e-02 -8.484600e-01 -1.013749e+00 -8.167578e-01 -1.574638e+00 -2.010383e+00 -9.711675e-01 -8.959931e-01 -2.317023e-01 -1.025430e+00
6.180445e-02 -8.489930e-01 -1.014189e+00 -8.230812e-01 -1.557425e+00 -2.013013e+00 -9.688127e-01 -9.027113e-01 -2.289855e-01 -1.022788e+00
7.559886e-02 -8.489974e-01 -1.014510e+00 -8.215351e-01 -1.599133e+00 -2.012668e+00 -9.663237e-01 -8.993634e-01 -2.307076e-01 -1.020662e+00
7.853354e-02 -8.492139e-01 -1.014829e+00 -8.171696e-01 -1.621476e+00 -2.011549e+00 -9.628954e-01 -8.935891e-01 -2.191670e-01 -1.021153e+00
5.147229e-02 -8.507317e-01 -1.015387e+00 -8.214557e-01 -1.533467e+00 -2.018334e+00 -9.578758e-01 -8.985686e-01 -2.071208e-01 -1.021553e+00
6.345026e-02 -8.506935e-01 -1.015750e+00 -8.347618e-01 -1.554842e+00 -2.020916e+00 -9.577906e-01 -9.127175e-01 -2.067787e-01 -1.009395e+00
8.062029e-02 -8.506620e-01 -1.016043e+00 -8.333007e-01 -1.607288e+00 -2.019456e+00 -9.537262e-01 -9.093343e-01 -2.077529e-01 -1.010695e+00
7.942735e-02 -8.515364e-01 -1.016516e+00 -8.344518e-01 -1.592296e+00 -2.022145e+00 -9.481290e-01 -9.092735e-01 -2.042033e-01 -1.017945e+00
8.985167e-02 -8.513786e-01 -1.016716e+00 -8.313641e-01 -1.631545e+00 -2.020811e+00 -9.462399e-01 -9.046513e-01 -1.985663e-01 -1.016697e+00
6.498524e-02 -8.526853e-01 -1.017156e+00 -8.310681e-01 -1.549259e+00 -2.024901e+00 -9.399372e-01 -9.046805e-01 -1.903306e-01 -1.017913e+00
7.506778e-02 -8.531014e-01 -1.017650e+00 -8.493061e-01 -1.563450e+00 -2.030478e+00 -9.397890e-01 -9.240188e-01 -1.956328e-01 -1.005170e+00
9.189678e-02 -8.529436e-01 -1.017880e+00 -8.478909e-01 -1.618975e+00 -2.028814e+00 -9.356555e-01 -9.206907e-01 -1.988186e-01 -1.002979e+00
9.129592e-02 -8.537362e-01 -1.018271e+00 -8.478247e-01 -1.611514e+00 -2.030636e+00 -9.288323e-01 -9.193472e-01 -1.951888e-01 -1.008628e+00
9.506405e-02 -8.538654e-01 -1.018503e+00 -8.468174e-01 -1.633094e+00 -2.030908e+00 -9.271553e-01 -9.171050e-01 -1.886841e-01 -1.006687e+00
8.399619e-02 -8.546315e-01 -1.018837e+00 -8.492110e-01 -1.610598e+00 -2.032614e+00 -9.218828e-01 -9.196959e-01 -1.829328e-01 -1.006641e+00
9.358754e-02 -8.549477e-01 -1.019130e+00 -8.504751e-01 -1.625108e+00 -2.034389e+00 -9.192832e-01 -9.196377e-01 -1.777291e-01 -1.000882e+00
9.405107e-02 -8.559267e-01 -1.019548e+00 -8.567153e-01 -1.590264e+00 -2.039250e+00 -9.133615e-01 -9.252747e-01 -1.704410e-01 -9.983579e-01
1.085206e-01 -8.558644e-01 -1.019757e+00 -8.593157e-01 -1.627153e+00 -2.039063e+00 -9.115527e-01 -9.267966e-01 -1.757483e-01 -9.929035e-01
1.066353e-01 -8.567067e-01 -1.020079e+00 -8.612050e-01 -1.603697e+00 -2.041509e+00 -9.030904e-01 -9.280199e-01 -1.759248e-01 -9.937495e-01
8.934800e-02 -8.563784e-01 -1.020054e+00 -8.476750e-01 -1.660024e+00 -2.034537e+00 -9.012841e-01 -9.133238e-01 -1.884103e-01 -9.870794e-01
7.697959e-02 -8.575657e-01 -1.020411e+00 -8.516688e-01 -1.593805e+00 -2.040807e+00 -8.947023e-01 -9.175993e-01 -1.549611e-01 -9.717872e-01
1.014388e-01 -8.576309e-01 -1.020666e+00 -8.575397e-01 -1.646792e+00 -2.042760e+00 -8.897226e-01 -9.221495e-01 -1.461306e-01 -9.628728e-01
1.040264e-01 -8.583688e-01 -1.020955e+00 -8.624584e-01 -1.635347e+00 -2.044620e+00 -8.749658e-01 -9.272121e-01 -1.347562e-01 -9.681780e-01
1.067490e-01 -8.592732e-01 -1.021238e+00 -8.679140e-01 -1.613993e+00 -2.049118e+00 -8.652131e-01 -9.321962e-01 -1.466491e-01 -9.705138e-01
1.030526e-01 -8.595491e-01 -1.021405e+00 -8.697379e-01 -1.625668e+00 -2.048664e+00 -8.586938e-01 -9.342640e-01 -1.651149e-01 -9.621464e-01
1.122952e-01 -8.599163e-01 -1.021591e+00 -8.706267e-01 -1.649024e+00 -2.050103e+00 -8.462076e-01 -9.341759e-01 -1.693108e-01 -9.509541e-01
1.164866e-01 -8.602836e-01 -1.021726e+00 -8.670222e-01 -1.676730e+00 -2.049767e+00 -8.297926e-01 -9.295522e-01 -1.663319e-01 -9.449065e-01
9.415009e-02 -8.610561e-01 -1.021984e+00 -8.589369e-01 -1.602985e+00 -2.048635e+00 -8.147069e-01 -9.214609e-01 -1.565699e-01 -9.387270e-01
1.045519e-01 -8.620609e-01 -1.022287e+00 -8.781212e-01 -1.644590e+00 -2.057152e+00 -8.070307e-01 -9.416000e-01 -1.684191e-01 -9.213737e-01
1.152263e-01 -8.626600e-01 -1.022449e+00 -8.814264e-01 -1.650066e+00 -2.060678e+00 -7.931798e-01 -9.443945e-01 -1.518624e-01 -9.128047e-01
1.208195e-01 -8.634162e-01 -1.022605e+00 -8.860073e-01 -1.638537e+00 -2.064688e+00 -7.784633e-01 -9.487985e-01 -1.476699e-01 -9.135663e-01
1.255337e-01 -8.637759e-01 -1.022747e+00 -8.930625e-01 -1.638498e+00 -2.066537e+00 -7.693056e-01 -9.565328e-01 -1.562462e-01 -9.121041e-01
1.278113e-01 -8.641655e-01 -1.022854e+00 -8.954946e-01 -1.645055e+00 -2.068227e+00 -7.573960e-01 -9.590561e-01 -1.713813e-01 -9.105726e-01
1.291742e-01 -8.646078e-01 -1.022940e+00 -8.960626e-01 -1.652702e+00 -2.070664e+00 -7.479880e-01 -9.594527e-01 -1.796813e-01 -9.056023e-01
1.302537e-01 -8.648711e-01 -1.023011e+00 -8.950900e-01 -1.668052e+00 -2.071991e+00 -7.392352e-01 -9.582833e-01 -1.775639e-01 -8.988488e-01
1.202892e-01 -8.653706e-01 -1.023105e+00 -8.962674e-01 -1.650919e+00 -2.073508e+00 -7.282065e-01 -9.602564e-01 -1.726602e-01 -8.955700e-01
1.265252e-01 -8.657092e-01 -1.023174e+00 -8.981397e-01 -1.657657e+00 -2.076613e+00 -7.214472e-01 -9.622128e-01 -1.683958e-01 -8.892795e-01
1.306318e-01 -8.659669e-01 -1.023240e+00 -8.988831e-01 -1.667146e+00 -2.078570e+00 -7.125229e-01 -9.629178e-01 -1.634649e-01 -8.878564e-01
1.296490e-01 -8.664940e-01 -1.023312e+00 -9.008147e-01 -1.642390e+00 -2.081847e+00 -7.040049e-01 -9.654348e-01 -1.615784e-01 -8.897903e-01
1.185229e-01 -8.663175e-01 -1.023313e+00 -8.942421e-01 -1.682338e+00 -2.078805e+00 -7.000497e-01 -9.586620e-01 -1.734002e-01 -8.863554e-01
1.250350e-01 -8.664123e-01 -1.023351e+00 -8.934638e-01 -1.697339e+00 -2.080307e+00 -6.951806e-01 -9.578917e-01 -1.529266e-01 -8.786841e-01
1.264269e-01 -8.666118e-01 -1.023389e+00 -8.920378e-01 -1.702741e+00 -2.081235e+00 -6.859472e-01 -9.565749e-01 -1.399193e-01 -8.836603e-01
1.277503e-01 -8.667036e-01 -1.023408e+00 -8.900458e-01 -1.713147e+00 -2.081806e+00 -6.807939e-01 -9.547061e-01 -1.360223e-01 -8.896259e-01
1.279911e-01 -8.667986e-01 -1.023413e+00 -8.873866e-01 -1.724294e+00 -2.082177e+00 -6.771621e-01 -9.522264e-01 -1.337365e-01 -8.928782e-01
1.186703e-01 -8.667071e-01 -1.023527e+00 -8.791073e-01 -1.668455e+00 -2.078769e+00 -6.741155e-01 -9.429698e-01 -1.285090e-01 -8.931427e-01
1.176185e-01 -8.683353e-01 -1.023855e+00 -9.143156e-01 -1.662475e+00 -2.092427e+00 -6.700915e-01 -9.814457e-01 -1.511288e-01 -8.889366e-01
1.337487e-01 -8.678454e-01 -1.023841e+00 -9.128251e-01 -1.697532e+00 -2.091799e+00 -6.718502e-01 -9.796304e-01 -1.492234e-01 -8.794637e-01
1.362828e-01 -8.678464e-01 -1.023846e+00 -9.087033e-01 -1.717547e+00 -2.090987e+00 -6.615620e-01 -9.752058e-01 -1.497455e-01 -8.871038e-01
1.296943e-01 -8.682360e-01 -1.023872e+00 -9.081845e-01 -1.702264e+00 -2.092868e+00 -6.575845e-01 -9.752509e-01 -1.481124e-01 -8.925924e-01
1.328080e-01 -8.682694e-01 -1.023899e+00 -9.108852e-01 -1.702691e+00 -2.094465e+00 -6.591608e-01 -9.786102e-01 -1.404683e-01 -8.884977e-01
1.360308e-01 -8.682450e-01 -1.023903e+00 -9.092701e-01 -1.715712e+00 -2.094488e+00 -6.552036e-01 -9.770359e-01 -1.412036e-01 -8.911613e-01
1.356034e-01 -8.681526e-01 -1.023871e+00 -9.046261e-01 -1.734444e+00 -2.093477e+00 -6.517145e-01 -9.722219e-01 -1.425175e-01 -8.947784e-01
1.238921e-01 -8.683589e-01 -1.023865e+00 -8.996573e-01 -1.693004e+00 -2.092935e+00 -6.491898e-01 -9.677591e-01 -1.377425e-01 -8.958198e-01
1.322866e-01 -8.687833e-01 -1.023968e+00 -9.098696e-01 -1.711502e+00 -2.098158e+00 -6.501648e-01 -9.792295e-01 -1.380874e-01 -8.895464e-01
1.359359e-01 -8.687959e-01 -1.023982e+00 -9.108303e-01 -1.713463e+00 -2.098775e+00 -6.471187e-01 -9.805868e-01 -1.289213e-01 -8.893724e-01
1.375730e-01 -8.687662e-01 -1.023968e+00 -9.091450e-01 -1.723248e+00 -2.098613e+00 -6.427137e-01 -9.789710e-01 -1.331246e-01 -8.960621e-01
1.375703e-01 -8.685796e-01 -1.023901e+00 -9.039309e-01 -1.746456e+00 -2.097164e+00 -6.408162e-01 -9.735393e-01 -1.375194e-01 -8.998868e-01
1.280659e-01 -8.687507e-01 -1.023870e+00 -9.001458e-01 -1.744118e+00 -2.096972e+00 -6.394232e-01 -9.698815e-01 -1.319712e-01 -9.000801e-01
1.277938e-01 -8.687086e-01 -1.023825e+00 -8.974122e-01 -1.752033e+00 -2.096746e+00 -6.401835e-01 -9.673406e-01 -1.185404e-01 -8.957149e-01
1.258543e-01 -8.689109e-01 -1.023819e+00 -8.961343e-01 -1.749216e+00 -2.097355e+00 -6.374334e-01 -9.664544e-01 -1.101340e-01 -8.980240e-01
1.297836e-01 -8.687750e-01 -1.023761e+00 -8.935816e-01 -1.760878e+00 -2.096736e+00 -6.365979e-01 -9.640974e-01 -1.071839e-01 -9.003293e-01
1.261167e-01 -8.690284e-01 -1.023755e+00 -8.929262e-01 -1.753799e+00 -2.097482e+00 -6.341208e-01 -9.639507e-01 -1.106535e-01 -9.053188e-01
1.311397e-01 -8.687853e-01 -1.023671e+00 -8.895988e-01 -1.770108e+00 -2.096412e+00 -6.351039e-01 -9.607088e-01 -1.126979e-01 -9.040836e-01
1.228721e-01 -8.702626e-01 -1.023995e+00 -9.072428e-01 -1.743210e+00 -2.105368e+00 -6.320569e-01 -9.792288e-01 -1.172840e-01 -9.069846e-01
1.380613e-01 -8.690948e-01 -1.023742e+00 -8.973436e-01 -1.765346e+00 -2.099904e+00 -6.373705e-01 -9.685401e-01 -1.084651e-01 -8.974205e-01
1.298521e-01 -8.697859e-01 -1.023827e+00 -8.989055e-01 -1.746746e+00 -2.101781e+00 -6.269839e-01 -9.707163e-01 -1.272730e-01 -9.104772e-01
1.333875e-01 -8.697227e-01 -1.023766e+00 -8.991308e-01 -1.734928e+00 -2.102520e+00 -6.303258e-01 -9.717424e-01 -1.309054e-01 -9.048195e-01
1.416633e-01 -8.695190e-01 -1.023706e+00 -8.975403e-01 -1.761369e+00 -2.101986e+00 -6.291325e-01 -9.702773e-01 -1.350615e-01 -9.015512e-01
1.347080e-01 -8.699693e-01 -1.023747e+00 -8.993087e-01 -1.747937e+00 -2.103662e+00 -6.245985e-01 -9.726165e-01 -1.363712e-01 -9.037543e-01
1.372742e-01 -8.698827e-01 -1.023678e+00 -8.984306e-01 -1.735764e+00 -2.103717e+00 -6.260051e-01 -9.723305e-01 -1.309367e-01 -8.991557e-01
1.448573e-01 -8.696421e-01 -1.023600e+00 -8.965934e-01 -1.764286e+00 -2.102905e+00 -6.243633e-01 -9.705467e-01 -1.329369e-01 -8.996791e-01
1.343827e-01 -8.705492e-01 -1.023789e+00 -9.059784e-01 -1.742541e+00 -2.107695e+00 -6.205682e-01 -9.807222e-01 -1.345619e-01 -9.047035e-01
1.420491e-01 -8.699734e-01 -1.023608e+00 -9.015818e-01 -1.746553e+00 -2.105475e+00 -6.252764e-01 -9.762541e-01 -1.244014e-01 -8.973027e-01
1.406382e-01 -8.701280e-01 -1.023586e+00 -9.001532e-01 -1.732392e+00 -2.105384e+00 -6.205192e-01 -9.753020e-01 -1.319408e-01 -9.043483e-01
1.459831e-01 -8.699299e-01 -1.023500e+00 -8.992247e-01 -1.758990e+00 -2.105185e+00 -6.211716e-01 -9.745075e-01 -1.380572e-01 -9.039010e-01
1.373874e-01 -8.702854e-01 -1.023518e+00 -9.002109e-01 -1.746374e+00 -2.106314e+00 -6.189757e-01 -9.758983e-01 -1.370765e-01 -9.045979e-01
1.410795e-01 -8.700011e-01 -1.023393e+00 -8.975352e-01 -1.755869e+00 -2.105273e+00 -6.207519e-01 -9.732763e-01 -1.289092e-01 -8.991898e-01
1.365956e-01 -8.707996e-01 -1.023594e+00 -9.069119e-01 -1.740033e+00 -2.109899e+00 -6.173430e-01 -9.834777e-01 -1.284146e-01 -9.029131e-01
1.439766e-01 -8.702167e-01 -1.023386e+00 -9.021462e-01 -1.747377e+00 -2.107434e+00 -6.198459e-01 -9.785548e-01 -1.216532e-01 -8.991068e-01
1.438257e-01 -8.700565e-01 -1.023276e+00 -8.976179e-01 -1.762340e+00 -2.105612e+00 -6.150984e-01 -9.738345e-01 -1.307688e-01 -9.072546e-01
1.325463e-01 -8.710492e-01 -1.023522e+00 -9.088112e-01 -1.738456e+00 -2.111296e+00 -6.137785e-01 -9.859024e-01 -1.365268e-01 -9.097930e-01
1.419629e-01 -8.702264e-01 -1.023238e+00 -9.019803e-01 -1.753307e+00 -2.107795e+00 -6.191236e-01 -9.786674e-01 -1.240946e-01 -8.973170e-01
1.376878e-01 -8.705204e-01 -1.023244e+00 -9.002994e-01 -1.747922e+00 -2.107877e+00 -6.118943e-01 -9.771042e-01 -1.315256e-01 -9.059708e-01
1.394466e-01 -8.702600e-01 -1.023097e+00 -8.972695e-01 -1.762407e+00 -2.106871e+00 -6.124388e-01 -9.740745e-01 -1.321261e-01 -9.046614e-01
1.308366e-01 -8.713268e-01 -1.023407e+00 -9.099591e-01 -1.738799e+00 -2.113059e+00 -6.104210e-01 -9.876318e-01 -1.319327e-01 -9.055273e-01
1.418954e-01 -8.703271e-01 -1.023052e+00 -9.012469e-01 -1.761276e+00 -2.108496e+00 -6.145320e-01 -9.783385e-01 -1.195479e-01 -8.960502e-01
1.318818e-01 -8.712946e-01 -1.023294e+00 -9.085207e-01 -1.736966e+00 -2.112486e+00 -6.062623e-01 -9.862912e-01 -1.309989e-01 -9.088419e-01
1.392465e-01 -8.707351e-01 -1.023063e+00 -9.048641e-01 -1.745659e+00 -2.110819e+00 -6.108452e-01 -9.825627e-01 -1.272346e-01 -9.016146e-01
1.400164e-01 -8.705997e-01 -1.022952e+00 -9.006476e-01 -1.760470e+00 -2.109268e+00 -6.069787e-01 -9.781418e-01 -1.330107e-01 -9.058709e-01
1.309656e-01 -8.711543e-01 -1.023038e+00 -9.043252e-01 -1.741684e+00 -2.111829e+00 -6.049624e-01 -9.824201e-01 -1.366263e-01 -9.079796e-01
1.371820e-01 -8.707769e-01 -1.022864e+00 -9.017256e-01 -1.752342e+00 -2.110804e+00 -6.082432e-01 -9.798116e-01 -1.276642e-01 -8.989675e-01
1.358793e-01 -8.709248e-01 -1.022833e+00 -9.002163e-01 -1.751312e+00 -2.110802e+00 -6.040759e-01 -9.784071e-01 -1.283950e-01 -9.033359e-01
1.368489e-01 -8.708021e-01 -1.022711e+00 -8.979539e-01 -1.760776e+00 -2.110267e+00 -6.035624e-01 -9.761924e-01 -1.279322e-01 -9.043290e-01
1.309200e-01 -8.716746e-01 -1.022987e+00 -9.090239e-01 -1.740903e+00 -2.115519e+00 -6.024334e-01 -9.881413e-01 -1.274459e-01 -9.058873e-01
1.409821e-01 -8.707117e-01 -1.022595e+00 -9.003880e-01 -1.766514e+00 -2.111071e+00 -6.060022e-01 -9.789281e-01 -1.181647e-01 -8.989935e-01
1.282657e-01 -8.729079e-01 -1.023516e+00 -9.277833e-01 -1.732844e+00 -2.123251e+00 -5.987344e-01 -1.006212e+00 -1.299174e-01 -9.114887e-01
1.425896e-01 -8.710873e-01 -1.022807e+00 -9.125469e-01 -1.765207e+00 -2.114910e+00 -6.071024e-01 -9.901343e-01 -1.156676e-01 -8.968137e-01
1.263812e-01 -8.718448e-01 -1.022920e+00 -9.108780e-01 -1.739507e+00 -2.115476e+00 -5.951464e-01 -9.885817e-01 -1.383058e-01 -9.159607e-01
1.290590e-01 -8.717379e-01 -1.022812e+00 -9.119528e-01 -1.739232e+00 -2.116643e+00 -6.006402e-01 -9.901138e-01 -1.364178e-01 -9.049799e-01
1.319218e-01 -8.718450e-01 -1.022805e+00 -9.127388e-01 -1.737833e+00 -2.117436e+00 -5.997283e-01 -9.912186e-01 -1.313270e-01 -8.998633e-01
1.337465e-01 -8.719840e-01 -1.022799e+00 -9.142463e-01 -1.730640e+00 -2.118458e+00 -5.971489e-01 -9.932140e-01 -1.294382e-01 -9.006647e-01
1.379068e-01 -8.719236e-01 -1.022729e+00 -9.147511e-01 -1.738337e+00 -2.118841e+00 -5.958585e-01 -9.939944e-01 -1.298070e-01 -9.021275e-01
1.359771e-01 -8.719312e-01 -1.022617e+00 -9.128027e-01 -1.720946e+00 -2.118429e+00 -5.940098e-01 -9.925121e-01 -1.312316e-01 -9.054687e-01
1.409908e-01 -8.718162e-01 -1.022540e+00 -9.139450e-01 -1.745641e+00 -2.118965e+00 -5.945753e-01 -9.938151e-01 -1.336292e-01 -9.045200e-01
1.346691e-01 -8.723274e-01 -1.022669e+00 -9.183537e-01 -1.731394e+00 -2.121329e+00 -5.923436e-01 -9.987877e-01 -1.323913e-01 -9.070054e-01
1.365027e-01 -8.721437e-01 -1.022510e+00 -9.170947e-01 -1.715810e+00 -2.120901e+00 -5.946631e-01 -9.980235e-01 -1.227808e-01 -9.016371e-01
1.428672e-01 -8.719146e-01 -1.022385e+00 -9.159464e-01 -1.744378e+00 -2.120307e+00 -5.930172e-01 -9.967668e-01 -1.245286e-01 -9.041526e-01
1.345115e-01 -8.723979e-01 -1.022484e+00 -9.192032e-01 -1.728424e+00 -2.122174e+00 -5.892455e-01 -1.000543e+00 -1.276220e-01 -9.113311e-01
1.351531e-01 -8.721743e-01 -1.022281e+00 -9.169155e-01 -1.709792e+00 -2.121472e+00 -5.921938e-01 -9.987835e-01 -1.207896e-01 -9.058514e-01
1.410539e-01 -8.721345e-01 -1.022256e+00 -9.190909e-01 -1.732493e+00 -2.122320e+00 -5.910505e-01 -1.001230e+00 -1.233278e-01 -9.061107e-01
1.392863e-01 -8.719785e-01 -1.022086e+00 -9.154358e-01 -1.743647e+00 -2.120942e+00 -5.877387e-01 -9.974388e-01 -1.246534e-01 -9.108963e-01
1.312469e-01 -8.722088e-01 -1.022050e+00 -9.153384e-01 -1.731927e+00 -2.121563e+00 -5.863925e-01 -9.976458e-01 -1.243139e-01 -9.129399e-01
1.338168e-01 -8.719643e-01 -1.021873e+00 -9.133600e-01 -1.743513e+00 -2.120918e+00 -5.883958e-01 -9.957240e-01 -1.156616e-01 -9.073494e-01
1.293450e-01 -8.722974e-01 -1.021914e+00 -9.146195e-01 -1.732276e+00 -2.122053e+00 -5.855931e-01 -9.974198e-01 -1.128115e-01 -9.108655e-01
1.337741e-01 -8.719364e-01 -1.021688e+00 -9.118007e-01 -1.748920e+00 -2.120849e+00 -5.864130e-01 -9.945461e-01 -1.084667e-01 -9.096059e-01
1.265163e-01 -8.725925e-01 -1.021882e+00 -9.172189e-01 -1.729412e+00 -2.123703e+00 -5.832173e-01 -1.000734e+00 -1.115958e-01 -9.157595e-01
1.336234e-01 -8.719407e-01 -1.021531e+00 -9.125006e-01 -1.750045e+00 -2.121390e+00 -5.863731e-01 -9.957256e-01 -1.064002e-01 -9.100431e-01
1.255511e-01 -8.726334e-01 -1.021729e+00 -9.167980e-01 -1.729287e+00 -2.123883e+00 -5.815679e-01 -1.000710e+00 -1.130792e-01 -9.177720e-01
1.322269e-01 -8.720509e-01 -1.021404e+00 -9.129407e-01 -1.748308e+00 -2.122087e+00 -5.847520e-01 -9.966693e-01 -1.089513e-01 -9.110810e-01
1.258326e-01 -8.725042e-01 -1.021480e+00 -9.140607e-01 -1.732668e+00 -2.123288e+00 -5.803247e-01 -9.982406e-01 -1.138169e-01 -9.169241e-01
1.309281e-01 -8.720820e-01 -1.021218e+00 -9.110850e-01 -1.751968e+00 -2.122079e+00 -5.821799e-01 -9.951816e-01 -1.110374e-01 -9.122260e-01
1.231963e-01 -8.728576e-01 -1.021477e+00 -9.175031e-01 -1.729935e+00 -2.125420e+00 -5.786880e-01 -1.002433e+00 -1.133491e-01 -9.164528e-01
1.313793e-01 -8.720713e-01 -1.021053e+00 -9.118143e-01 -1.754213e+00 -2.122580e+00 -5.819831e-01 -9.963179e-01 -1.056114e-01 -9.091621e-01
1.221854e-01 -8.729038e-01 -1.021324e+00 -9.172024e-01 -1.730747e+00 -2.125559e+00 -5.762610e-01 -1.002439e+00 -1.125904e-01 -9.185810e-01
1.297989e-01 -8.721390e-01 -1.020898e+00 -9.119706e-01 -1.754392e+00 -2.123028e+00 -5.804840e-01 -9.968489e-01 -1.065339e-01 -9.110178e-01
1.212159e-01 -8.728470e-01 -1.021100e+00 -9.155229e-01 -1.732637e+00 -2.125297e+00 -5.757123e-01 -1.001043e+00 -1.123778e-01 -9.185799e-01
1.281476e-01 -8.722017e-01 -1.020726e+00 -9.111992e-01 -1.755569e+00 -2.123307e+00 -5.794296e-01 -9.964630e-01 -1.066338e-01 -9.113434e-01
1.201750e-01 -8.728703e-01 -1.020912e+00 -9.146187e-01 -1.734727e+00 -2.125495e+00 -5.750837e-01 -1.000531e+00 -1.107344e-01 -9.178701e-01
1.269338e-01 -8.722426e-01 -1.020541e+00 -9.104309e-01 -1.757119e+00 -2.123559e+00 -5.784504e-01 -9.960993e-01 -1.047112e-01 -9.112689e-01
1.195440e-01 -8.727737e-01 -1.020648e+00 -9.118992e-01 -1.738787e+00 -2.124938e+00 -5.741489e-01 -9.980805e-01 -1.089420e-01 -9.181914e-01
1.247677e-01 -8.723360e-01 -1.020358e+00 -9.093322e-01 -1.756521e+00 -2.123895e+00 -5.771117e-01 -9.954853e-01 -1.044422e-01 -9.127046e-01
1.187450e-01 -8.729135e-01 -1.020514e+00 -9.127793e-01 -1.737858e+00 -2.125990e+00 -5.740054e-01 -9.996354e-01 -1.067440e-01 -9.174141e-01
1.247678e-01 -8.723992e-01 -1.020189e+00 -9.096803e-01 -1.755531e+00 -2.124554e+00 -5.766676e-01 -9.964285e-01 -1.019461e-01 -9.122179e-01
1.189928e-01 -8.729134e-01 -1.020305e+00 -9.120354e-01 -1.737826e+00 -2.126182e+00 -5.728309e-01 -9.994099e-01 -1.065397e-01 -9.185882e-01
1.244169e-01 -8.724321e-01 -1.019988e+00 -9.091911e-01 -1.756236e+00 -2.124915e+00 -5.753424e-01 -9.964927e-01 -1.036160e-01 -9.138467e-01
1.185484e-01 -8.728607e-01 -1.020051e+00 -9.102870e-01 -1.739819e+00 -2.126036e+00 -5.719413e-01 -9.981089e-01 -1.074500e-01 -9.189149e-01
1.228598e-01 -8.725183e-01 -1.019796e+00 -9.086276e-01 -1.754433e+00 -2.125409e+00 -5.741698e-01 -9.965427e-01 -1.040349e-01 -9.139722e-01
1.181487e-01 -8.729387e-01 -1.019870e+00 -9.105344e-01 -1.738340e+00 -2.126791e+00 -5.713195e-01 -9.990674e-01 -1.057967e-01 -9.176468e-01
1.229460e-01 -8.725445e-01 -1.019591e+00 -9.084650e-01 -1.754367e+00 -2.125883e+00 -5.730504e-01 -9.970213e-01 -1.024568e-01 -9.137171e-01
1.180313e-01 -8.729015e-01 -1.019621e+00 -9.092399e-01 -1.739352e+00 -2.126790e+00 -5.698139e-01 -9.983014e-01 -1.056486e-01 -9.187663e-01
1.217933e-01 -8.725984e-01 -1.019379e+00 -9.079446e-01 -1.753063e+00 -2.126317e+00 -5.716651e-01 -9.971465e-01 -1.032175e-01 -9.150143e-01
1.175476e-01 -8.729103e-01 -1.019390e+00 -9.086517e-01 -1.739039e+00 -2.127159e+00 -5.692194e-01 -9.983617e-01 -1.049547e-01 -9.183758e-01
1.211268e-01 -8.726357e-01 -1.019161e+00 -9.075518e-01 -1.752114e+00 -2.126761e+00 -5.706753e-01 -9.974227e-01 -1.023653e-01 -9.149882e-01
1.172336e-01 -8.728971e-01 -1.019145e+00 -9.078145e-01 -1.739393e+00 -2.127380e+00 -5.681741e-01 -9.981406e-01 -1.040734e-01 -9.185261e-01
1.201601e-01 -8.726772e-01 -1.018938e+00 -9.071188e-01 -1.750639e+00 -2.127194e+00 -5.693880e-01 -9.976679e-01 -1.020845e-01 -9.157347e-01
1.168367e-01 -8.728862e-01 -1.018897e+00 -9.071623e-01 -1.739616e+00 -2.127675e+00 -5.672865e-01 -9.981327e-01 -1.033068e-01 -9.185670e-01
1.191868e-01 -8.727133e-01 -1.018709e+00 -9.067212e-01 -1.749016e+00 -2.127622e+00 -5.681788e-01 -9.979509e-01 -1.016545e-01 -9.162642e-01
1.164578e-01 -8.728706e-01 -1.018646e+00 -9.065981e-01 -1.740208e+00 -2.127971e+00 -5.663255e-01 -9.982048e-01 -1.025723e-01 -9.186198e-01
1.180530e-01 -8.727464e-01 -1.018475e+00 -9.063353e-01 -1.747052e+00 -2.128025e+00 -5.668627e-01 -9.982281e-01 -1.013510e-01 -9.169115e-01
1.160698e-01 -8.728461e-01 -1.018388e+00 -9.061312e-01 -1.741298e+00 -2.128262e+00 -5.653506e-01 -9.983511e-01 -1.019371e-01 -9.186199e-01
1.167751e-01 -8.727657e-01 -1.018231e+00 -9.058672e-01 -1.745188e+00 -2.128340e+00 -5.654677e-01 -9.983686e-01 -1.011608e-01 -9.175957e-01
1.155729e-01 -8.727983e-01 -1.018115e+00 -9.054921e-01 -1.743057e+00 -2.128428e+00 -5.643301e-01 -9.982525e-01 -1.014500e-01 -9.185994e-01
1.153907e-01 -8.727471e-01 -1.017961e+00 -9.050038e-01 -1.744687e+00 -2.128424e+00 -5.640030e-01 -9.979962e-01 -1.011345e-01 -9.182844e-01
1.146478e-01 -8.727180e-01 -1.017814e+00 -9.042794e-01 -1.745344e+00 -2.128320e+00 -5.632133e-01 -9.974495e-01 -1.011382e-01 -9.186316e-01
1.139521e-01 -8.726623e-01 -1.017648e+00 -9.033411e-01 -1.746886e+00 -2.128120e+00 -5.625970e-01 -9.966481e-01 -1.010347e-01 -9.187109e-01
1.131542e-01 -8.725897e-01 -1.017471e+00 -9.020814e-01 -1.749100e+00 -2.127777e+00 -5.619489e-01 -9.954625e-01 -1.008766e-01 -9.187876e-01
1.122614e-01 -8.724903e-01 -1.017274e+00 -9.003931e-01 -1.752314e+00 -2.127246e+00 -5.612931e-01 -9.937700e-01 -1.006975e-01 -9.188770e-01
1.112457e-01 -8.723543e-01 -1.017052e+00 -8.981179e-01 -1.756928e+00 -2.126456e+00 -5.606347e-01 -9.913862e-01 -1.005350e-01 -9.189958e-01
1.100076e-01 -8.721793e-01 -1.016803e+00 -8.951520e-01 -1.763129e+00 -2.125367e+00 -5.599793e-01 -9.881868e-01 -1.004245e-01 -9.191442e-01
1.082895e-01 -8.719986e-01 -1.016543e+00 -8.917448e-01 -1.769643e+00 -2.124116e+00 -5.593691e-01 -9.844578e-01 -1.003056e-01 -9.192145e-01
1.060569e-01 -8.718706e-01 -1.016304e+00 -8.885532e-01 -1.774014e+00 -2.123052e+00 -5.589725e-01 -9.809680e-01 -9.975565e-02 -9.187784e-01
1.040658e-01 -8.718056e-01 -1.016100e+00 -8.860628e-01 -1.776051e+00 -2.122394e+00 -5.588918e-01 -9.782986e-01 -9.830460e-02 -9.175061e-01
1.028535e-01 -8.717869e-01 -1.015928e+00 -8.843298e-01 -1.776688e+00 -2.122123e+00 -5.587873e-01 -9.765266e-01 -9.660501e-02 -9.161407e-01
1.023817e-01 -8.717923e-01 -1.015777e+00 -8.831536e-01 -1.776687e+00 -2.122107e+00 -5.584179e-01 -9.754214e-01 -9.576762e-02 -9.154404e-01
1.023793e-01 -8.718043e-01 -1.015634e+00 -8.822978e-01 -1.776489e+00 -2.122223e+00 -5.578565e-01 -9.747044e-01 -9.619263e-02 -9.153533e-01
1.026049e-01 -8.718145e-01 -1.015491e+00 -8.815892e-01 -1.776305e+00 -2.122390e+00 -5.572356e-01 -9.741674e-01 -9.752684e-02 -9.154347e-01
1.029135e-01 -8.718200e-01 -1.015346e+00 -8.809252e-01 -1.776222e+00 -2.122560e+00 -5.565974e-01 -9.736843e-01 -9.922105e-02 -9.153883e-01
1.032292e-01 -8.718193e-01 -1.015198e+00 -8.802522e-01 -1.776268e+00 -2.122708e+00 -5.559301e-01 -9.731886e-01 -1.008976e-01 -9.151745e-01
1.035123e-01 -8.718119e-01 -1.015045e+00 -8.795468e-01 -1.776431e+00 -2.122825e+00 -5.552356e-01 -9.726512e-01 -1.023949e-01 -9.148739e-01
1.037432e-01 -8.717979e-01 -1.014888e+00 -8.788034e-01 -1.776683e+00 -2.122909e+00 -5.545457e-01 -9.720648e-01 -1.036791e-01 -9.145606e-01
1.039165e-01 -8.717780e-01 -1.014726e+00 -8.780261e-01 -1.776991e+00 -2.122962e+00 -5.538993e-01 -9.714340e-01 -1.047656e-01 -9.142653e-01
1.040362e-01 -8.717532e-01 -1.014559e+00 -8.772238e-01 -1.777321e+00 -2.122991e+00 -5.533190e-01 -9.707692e-01 -1.056826e-01 -9.139882e-01
1.041113e-01 -8.717247e-01 -1.014390e+00 -8.764065e-01 -1.777649e+00 -2.123000e+00 -5.528033e-01 -9.700828e-01 -1.064609e-01 -9.137222e-01
1.041519e-01 -8.716932e-01 -1.014217e+00 -8.755840e-01 -1.777955e+00 -2.122996e+00 -5.523324e-01 -9.693864e-01 -1.071321e-01 -9.134636e-01
1.041673e-01 -8.716594e-01 -1.014042e+00 -8.747642e-01 -1.778226e+00 -2.122982e+00 -5.518786e-01 -9.686900e-01 -1.077264e-01 -9.132134e-01
1.041648e-01 -8.716238e-01 -1.013865e+00 -8.739534e-01 -1.778457e+00 -2.122962e+00 -5.514145e-01 -9.680012e-01 -1.082709e-01 -9.129751e-01
1.041501e-01 -8.715867e-01 -1.013686e+00 -8.731559e-01 -1.778645e+00 -2.122939e+00 -5.509181e-01 -9.673253e-01 -1.087874e-01 -9.127515e-01
1.041272e-01 -8.715484e-01 -1.013506e+00 -8.723741e-01 -1.778789e+00 -2.122913e+00 -5.503744e-01 -9.666657e-01 -1.092917e-01 -9.125447e-01
1.040991e-01 -8.715091e-01 -1.013324e+00 -8.716095e-01 -1.778893e+00 -2.122886e+00 -5.497750e-01 -9.660240e-01 -1.097940e-01 -9.123556e-01
1.040676e-01 -8.714689e-01 -1.013140e+00 -8.708625e-01 -1.778958e+00 -2.122859e+00 -5.491170e-01 -9.654009e-01 -1.103003e-01 -9.121846e-01
1.040342e-01 -8.714279e-01 -1.012956e+00 -8.701330e-01 -1.778989e+00 -2.122832e+00 -5.484019e-01 -9.647962e-01 -1.108128e-01 -9.120318e-01
1.039996e-01 -8.713862e-01 -1.012770e+00 -8.694204e-01 -1.778989e+00 -2.122805e+00 -5.476345e-01 -9.642094e-01 -1.113318e-01 -9.118972e-01
1.039646e-01 -8.713439e-01 -1.012583e+00 -8.687241e-01 -1.778961e+00 -2.122777e+00 -5.468209e-01 -9.636397e-01 -1.118562e-01 -9.117808e-01
1.039295e-01 -8.713009e-01 -1.012395e+00 -8.680433e-01 -1.778908e+00 -2.122750e+00 -5.459685e-01 -9.630862e-01 -1.123840e-01 -9.116825e-01
1.038946e-01 -8.712574e-01 -1.012206e+00 -8.673773e-01 -1.778834e+00 -2.122721e+00 -5.450845e-01 -9.625483e-01 -1.129131e-01 -9.116022e-01
1.038602e-01 -8.712133e-01 -1.012016e+00 -8.667254e-01 -1.778740e+00 -2.122693e+00 -5.441760e-01 -9.620250e-01 -1.134417e-01 -9.115397e-01
1.038264e-01 -8.711686e-01 -1.011825e+00 -8.660868e-01 -1.778629e+00 -2.122664e+00 -5.432491e-01 -9.615157e-01 -1.139679e-01 -9.114948e-01
1.037935e-01 -8.711233e-01 -1.011632e+00 -8.654612e-01 -1.778502e+00 -2.122635e+00 -5.423092e-01 -9.610197e-01 -1.144903e-01 -9.114671e-01
1.037614e-01 -8.710773e-01 -1.011439e+00 -8.648477e-01 -1.778362e+00 -2.122605e+00 -5.413609e-01 -9.605365e-01 -1.150079e-01 -9.114563e-01
1.037302e-01 -8.710305e-01 -1.011244e+00 -8.642460e-01 -1.778209e+00 -2.122575e+00 -5.404076e-01 -9.600656e-01 -1.155197e-01 -9.114620e-01
1.036999e-01 -8.709830e-01 -1.011048e+00 -8.636555e-01 -1.778046e+00 -2.122544e+00 -5.394525e-01 -9.596064e-01 -1.160251e-01 -9.114838e-01
1.036706e-01 -8.709346e-01 -1.010850e+00 -8.630757e-01 -1.777872e+00 -2.122512e+00 -5.384976e-01 -9.591584e-01 -1.165236e-01 -9.115212e-01
1.036422e-01 -8.708853e-01 -1.010651e+00 -8.625062e-01 -1.777690e+00 -2.122480e+00 -5.375449e-01 -9.587213e-01 -1.170148e-01 -9.115739e-01
1.036147e-01 -8.708349e-01 -1.010450e+00 -8.619466e-01 -1.777500e+00 -2.122448e+00 -5.365955e-01 -9.582946e-01 -1.174984e-01 -9.116413e-01
1.035880e-01 -8.707835e-01 -1.010248e+00 -8.613963e-01 -1.777303e+00 -2.122414e+00 -5.356505e-01 -9.578780e-01 -1.179742e-01 -9.117230e-01
1.035620e-01 -8.707308e-01 -1.010043e+00 -8.608550e-01 -1.777100e+00 -2.122380e+00 -5.347107e-01 -9.574709e-01 -1.184420e-01 -9.118186e-01
1.035368e-01 -8.706770e-01 -1.009836e+00 -8.603223e-01 -1.776891e+00 -2.122346e+00 -5.337765e-01 -9.570732e-01 -1.189015e-01 -9.119276e-01
1.035121e-01 -8.706217e-01 -1.009627e+00 -8.597979e-01 -1.776677e+00 -2.122311e+00 -5.328484e-01 -9.566843e-01 -1.193528e-01 -9.120497e-01
1.034879e-01 -8.705651e-01 -1.009416e+00 -8.592812e-01 -1.776460e+00 -2.122275e+00 -5.319267e-01 -9.563040e-01 -1.197957e-01 -9.121844e-01
1.034643e-01 -8.705070e-01 -1.009202e+00 -8.587721e-01 -1.776239e+00 -2.122239e+00 -5.310115e-01 -9.559320e-01 -1.202302e-01 -9.123312e-01
1.034410e-01 -8.704473e-01 -1.008985e+00 -8.582702e-01 -1.776015e+00 -2.122202e+00 -5.301031e-01 -9.555679e-01 -1.206561e-01 -9.124898e-01
1.034180e-01 -8.703859e-01 -1.008766e+00 -8.577750e-01 -1.775788e+00 -2.122164e+00 -5.292013e-01 -9.552114e-01 -1.210737e-01 -9.126597e-01
1.033954e-01 -8.703229e-01 -1.008544e+00 -8.572864e-01 -1.775560e+00 -2.122126e+00 -5.283064e-01 -9.548622e-01 -1.214827e-01 -9.128404e-01
1.033729e-01 -8.702580e-01 -1.008319e+00 -8.568040e-01 -1.775330e+00 -2.122087e+00 -5.274183e-01 -9.545201e-01 -1.218834e-01 -9.130316e-01
1.033506e-01 -8.701913e-01 -1.008091e+00 -8.563275e-01 -1.775099e+00 -2.122047e+00 -5.265369e-01 -9.541847e-01 -1.222757e-01 -9.132327e-01
1.033284e-01 -8.701227e-01 -1.007860e+00 -8.558566e-01 -1.774868e+00 -2.122006e+00 -5.256622e-01 -9.538559e-01 -1.226598e-01 -9.134435e-01
1.033063e-01 -8.700521e-01 -1.007625e+00 -8.553910e-01 -1.774636e+00 -2.121965e+00 -5.247941e-01 -9.535332e-01 -1.230357e-01 -9.136633e-01
1.032841e-01 -8.699794e-01 -1.007387e+00 -8.549306e-01 -1.774405e+00 -2.121923e+00 -5.239327e-01 -9.532166e-01 -1.234034e-01 -9.138919e-01
1.032620e-01 -8.699046e-01 -1.007145e+00 -8.544749e-01 -1.774174e+00 -2.121881e+00 -5.230777e-01 -9.529057e-01 -1.237632e-01 -9.141288e-01
1.032398e-01 -8.698275e-01 -1.006899e+00 -8.540238e-01 -1.773945e+00 -2.121837e+00 -5.222292e-01 -9.526003e-01 -1.241151e-01 -9.143735e-01
1.032175e-01 -8.697483e-01 -1.006649e+00 -8.535771e-01 -1.773717e+00 -2.121793e+00 -5.213871e-01 -9.523002e-01 -1.244593e-01 -9.146257e-01
1.031950e-01 -8.696667e-01 -1.006396e+00 -8.531344e-01 -1.773490e+00 -2.121748e+00 -5.205512e-01 -9.520052e-01 -1.247958e-01 -9.148850e-01
1.031724e-01 -8.695827e-01 -1.006138e+00 -8.526956e-01 -1.773265e+00 -2.121703e+00 -5.197216e-01 -9.517151e-01 -1.251248e-01 -9.151509e-01
1.031496e-01 -8.694963e-01 -1.005876e+00 -8.522604e-01 -1.773043e+00 -2.121656e+00 -5.188982e-01 -9.514296e-01 -1.254464e-01 -9.154231e-01
1.031266e-01 -8.694074e-01 -1.005610e+00 -8.518287e-01 -1.772823e+00 -2.121609e+00 -5.180808e-01 -9.511486e-01 -1.257607e-01 -9.157012e-01
1.031034e-01 -8.693158e-01 -1.005339e+00 -8.514003e-01 -1.772605e+00 -2.121560e+00 -5.172695e-01 -9.508718e-01 -1.260680e-01 -9.159848e-01
1.030799e-01 -8.692217e-01 -1.005064e+00 -8.509748e-01 -1.772391e+00 -2.121511e+00 -5.164641e-01 -9.505992e-01 -1.263683e-01 -9.162736e-01
1.030561e-01 -8.691249e-01 -1.004783e+00 -8.505523e-01 -1.772180e+00 -2.121461e+00 -5.156646e-01 -9.503304e-01 -1.266617e-01 -9.165672e-01
1.030321e-01 -8.690253e-01 -1.004498e+00 -8.501324e-01 -1.771971e+00 -2.121411e+00 -5.148711e-01 -9.500655e-01 -1.269485e-01 -9.168653e-01
1.030077e-01 -8.689228e-01 -1.004208e+00 -8.497150e-01 -1.771767e+00 -2.121359e+00 -5.140833e-01 -9.498041e-01 -1.272287e-01 -9.171676e-01
1.029830e-01 -8.688175e-01 -1.003913e+00 -8.492999e-01 -1.771565e+00 -2.121306e+00 -5.133013e-01 -9.495462e-01 -1.275025e-01 -9.174737e-01
1.029580e-01 -8.687093e-01 -1.003612e+00 -8.488871e-01 -1.771368e+00 -2.121253e+00 -5.125250e-01 -9.492916e-01 -1.277701e-01 -9.177833e-01
1.029326e-01 -8.685980e-01 -1.003306e+00 -8.484762e-01 -1.771174e+00 -2.121198e+00 -5.117543e-01 -9.490401e-01 -1.280315e-01 -9.180961e-01
1.029069e-01 -8.684837e-01 -1.002994e+00 -8.480672e-01 -1.770984e+00 -2.121143e+00 -5.109893e-01 -9.487917e-01 -1.282870e-01 -9.184120e-01
1.028809e-01 -8.683662e-01 -1.002676e+00 -8.476599e-01 -1.770798e+00 -2.121086e+00 -5.102299e-01 -9.485461e-01 -1.285366e-01 -9.187304e-01
1.028545e-01 -8.682455e-01 -1.002353e+00 -8.472543e-01 -1.770617e+00 -2.121029e+00 -5.094760e-01 -9.483034e-01 -1.287806e-01 -9.190514e-01
1.028277e-01 -8.681215e-01 -1.002023e+00 -8.468500e-01 -1.770439e+00 -2.120971e+00 -5.087276e-01 -9.480632e-01 -1.290190e-01 -9.193745e-01
1.028005e-01 -8.679941e-01 -1.001688e+00 -8.464472e-01 -1.770265e+00 -2.120911e+00 -5.079847e-01 -9.478256e-01 -1.292520e-01 -9.196995e-01
1.027730e-01 -8.678634e-01 -1.001346e+00 -8.460455e-01 -1.770095e+00 -2.120851e+00 -5.072471e-01 -9.475905e-01 -1.294798e-01 -9.200262e-01
1.027451e-01 -8.677292e-01 -1.000997e+00 -8.456448e-01 -1.769930e+00 -2.120790e+00 -5.065150e-01 -9.473577e-01 -1.297024e-01 -9.203545e-01
1.027169e-01 -8.675914e-01 -1.000642e+00 -8.452452e-01 -1.769769e+00 -2.120728e+00 -5.057881e-01 -9.471271e-01 -1.299201e-01 -9.206840e-01
1.026882e-01 -8.674500e-01 -1.000279e+00 -8.448464e-01 -1.769612e+00 -2.120664e+00 -5.050665e-01 -9.468986e-01 -1.301330e-01 -9.210146e-01
1.026592e-01 -8.673048e-01 -9.999102e-01 -8.444484e-01 -1.769459e+00 -2.120600e+00 -5.043502e-01 -9.466722e-01 -1.303412e-01 -9.213460e-01
1.026299e-01 -8.671559e-01 -9.995337e-01 -8.440510e-01 -1.769310e+00 -2.120535e+00 -5.036390e-01 -9.464477e-01 -1.305448e-01 -9.216783e-01
1.026002e-01 -8.670031e-01 -9.991499e-01 -8.436542e-01 -1.769165e+00 -2.120468e+00 -5.029330e-01 -9.462252e-01 -1.307440e-01 -9.220110e-01
1.025701e-01 -8.668464e-01 -9.987585e-01 -8.432578e-01 -1.769025e+00 -2.120401e+00 -5.022322e-01 -9.460044e-01 -1.309390e-01 -9.223442e-01
1.025397e-01 -8.666857e-01 -9.983593e-01 -8.428617e-01 -1.768888e+00 -2.120332e+00 -5.015363e-01 -9.457853e-01 -1.311298e-01 -9.226776e-01
1.025089e-01 -8.665208e-01 -9.979521e-01 -8.424660e-01 -1.768756e+00 -2.120262e+00 -5.008455e-01 -9.455679e-01 -1.313165e-01 -9.230111e-01
1.024778e-01 -8.663518e-01 -9.975367e-01 -8.420704e-01 -1.768628e+00 -2.120192e+00 -5.001597e-01 -9.453521e-01 -1.314994e-01 -9.233446e-01
1.024464e-01 -8.661784e-01 -9.971129e-01 -8.416749e-01 -1.768503e+00 -2.120120e+00 -4.994788e-01 -9.451378e-01 -1.316785e-01 -9.236779e-01
1.024147e-01 -8.660007e-01 -9.966805e-01 -8.412794e-01 -1.768383e+00 -2.120047e+00 -4.988027e-01 -9.449250e-01 -1.318539e-01 -9.240109e-01
1.023826e-01 -8.658185e-01 -9.962393e-01 -8.408839e-01 -1.768266e+00 -2.119973e+00 -4.981315e-01 -9.447135e-01 -1.320259e-01 -9.243435e-01
1.023503e-01 -8.656317e-01 -9.957889e-01 -8.404882e-01 -1.768153e+00 -2.119898e+00 -4.974651e-01 -9.445034e-01 -1.321944e-01 -9.246756e-01
1.023176e-01 -8.654402e-01 -9.953293e-01 -8.400922e-01 -1.768043e+00 -2.119822e+00 -4.968034e-01 -9.442946e-01 -1.323597e-01 -9.250071e-01
1.022847e-01 -8.652440e-01 -9.948600e-01 -8.396960e-01 -1.767938e+00 -2.119745e+00 -4.961464e-01 -9.440870e-01 -1.325217e-01 -9.253379e-01
1.022516e-01 -8.650428e-01 -9.943809e-01 -8.392993e-01 -1.767836e+00 -2.119667e+00 -4.954940e-01 -9.438805e-01 -1.326808e-01 -9.256680e-01
1.022181e-01 -8.648366e-01 -9.938917e-01 -8.389023e-01 -1.767737e+00 -2.119587e+00 -4.948463e-01 -9.436752e-01 -1.328368e-01 -9.259971e-01
1.021845e-01 -8.646253e-01 -9.933921e-01 -8.385046e-01 -1.767642e+00 -2.119507e+00 -4.942030e-01 -9.434710e-01 -1.329900e-01 -9.263253e-01
1.021506e-01 -8.644088e-01 -9.928818e-01 -8.381064e-01 -1.767550e+00 -2.119425e+00 -4.935642e-01 -9.432678e-01 -1.331405e-01 -9.266525e-01
1.021165e-01 -8.641868e-01 -9.923605e-01 -8.377076e-01 -1.767462e+00 -2.119342e+00 -4.929298e-01 -9.430656e-01 -1.332884e-01 -9.269786e-01
1.020822e-01 -8.639594e-01 -9.918279e-01 -8.373079e-01 -1.767377e+00 -2.119258e+00 -4.922998e-01 -9.428643e-01 -1.334337e-01 -9.273036e-01
1.020478e-01 -8.637262e-01 -9.912836e-01 -8.369075e-01 -1.767295e+00 -2.119173e+00 -4.916741e-01 -9.426640e-01 -1.335766e-01 -9.276273e-01
1.020131e-01 -8.634873e-01 -9.907273e-01 -8.365062e-01 -1.767216e+00 -2.119087e+00 -4.910527e-01 -9.424645e-01 -1.337171e-01 -9.279497e-01
1.019784e-01 -8.632424e-01 -9.901586e-01 -8.361039e-01 -1.767141e+00 -2.119000e+00 -4.904355e-01 -9.422658e-01 -1.338554e-01 -9.282708e-01
1.019435e-01 -8.629914e-01 -9.895772e-01 -8.357006e-01 -1.767068e+00 -2.118912e+00 -4.898223e-01 -9.420679e-01 -1.339915e-01 -9.285906e-01
1.019085e-01 -8.627341e-01 -9.889827e-01 -8.352961e-01 -1.766998e+00 -2.118822e+00 -4.892133e-01 -9.418708e-01 -1.341256e-01 -9.289089e-01
1.018734e-01 -8.624704e-01 -9.883745e-01 -8.348905e-01 -1.766931e+00 -2.118731e+00 -4.886083e-01 -9.416744e-01 -1.342577e-01 -9.292257e-01
1.018383e-01 -8.622000e-01 -9.877524e-01 -8.344837e-01 -1.766867e+00 -2.118639e+00 -4.880072e-01 -9.414786e-01 -1.343878e-01 -9.295409e-01
1.018031e-01 -8.619227e-01 -9.871157e-01 -8.340755e-01 -1.766806e+00 -2.118546e+00 -4.874100e-01 -9.412835e-01 -1.345162e-01 -9.298547e-01
1.017679e-01 -8.616384e-01 -9.864641e-01 -8.336660e-01 -1.766747e+00 -2.118452e+00 -4.868166e-01 -9.410890e-01 -1.346428e-01 -9.301668e-01
1.017326e-01 -8.613468e-01 -9.857971e-01 -8.332549e-01 -1.766691e+00 -2.118357e+00 -4.862270e-01 -9.408950e-01 -1.347678e-01 -9.304772e-01
1.016975e-01 -8.610477e-01 -9.851140e-01 -8.328423e-01 -1.766637e+00 -2.118260e+00 -4.856411e-01 -9.407016e-01 -1.348912e-01 -9.307860e-01
1.016623e-01 -8.607409e-01 -9.844143e-01 -8.324280e-01 -1.766586e+00 -2.118162e+00 -4.850588e-01 -9.405087e-01 -1.350131e-01 -9.310930e-01
1.016272e-01 -8.604261e-01 -9.836974e-01 -8.320120e-01 -1.766538e+00 -2.118064e+00 -4.844800e-01 -9.403163e-01 -1.351335e-01 -9.313982e-01
1.015923e-01 -8.601030e-01 -9.829627e-01 -8.315942e-01 -1.766491e+00 -2.117963e+00 -4.839048e-01 -9.401242e-01 -1.352526e-01 -9.317017e-01
1.015574e-01 -8.597714e-01 -9.822095e-01 -8.311745e-01 -1.766448e+00 -2.117862e+00 -4.833329e-01 -9.399326e-01 -1.353704e-01 -9.320032e-01
1.015228e-01 -8.594309e-01 -9.814371e-01 -8.307527e-01 -1.766406e+00 -2.117759e+00 -4.827643e-01 -9.397414e-01 -1.354869e-01 -9.323029e-01
1.014883e-01 -8.590812e-01 -9.806446e-01 -8.303289e-01 -1.766367e+00 -2.117656e+00 -4.821991e-01 -9.395504e-01 -1.356023e-01 -9.326007e-01
1.014541e-01 -8.587220e-01 -9.798313e-01 -8.299028e-01 -1.766330e+00 -2.117551e+00 -4.816369e-01 -9.393598e-01 -1.357166e-01 -9.328965e-01
1.014201e-01 -8.583528e-01 -9.789964e-01 -8.294744e-01 -1.766295e+00 -2.117444e+00 -4.810779e-01 -9.391694e-01 -1.358299e-01 -9.331903e-01
1.013864e-01 -8.579733e-01 -9.781389e-01 -8.290436e-01 -1.766262e+00 -2.117337e+00 -4.805219e-01 -9.389792e-01 -1.359422e-01 -9.334820e-01
1.013530e-01 -8.575831e-01 -9.772577e-01 -8.286102e-01 -1.766231e+00 -2.117228e+00 -4.799689e-01 -9.387892e-01 -1.360536e-01 -9.337716e-01
1.013201e-01 -8.571817e-01 -9.763519e-01 -8.281741e-01 -1.766202e+00 -2.117118e+00 -4.794187e-01 -9.385994e-01 -1.361642e-01 -9.340590e-01
