-4.167471e+00
-4.163677e+00
-4.161707e+00
-4.161282e+00
-4.160414e+00
-4.159533e+00
-4.158945e+00
-4.158478e+00
-4.157892e+00
-4.157145e+00
-4.156336e+00
-4.155571e+00
-4.154891e+00
-4.154285e+00
-4.153724e+00
-4.153187e+00
-4.152663e+00
-4.152154e+00
-4.151665e+00
-4.151200e+00
-4.150760e+00
-4.150344e+00
-4.149948e+00
-4.149571e+00
-4.149212e+00
-4.148870e+00
-4.148546e+00
-4.148240e+00
-4.147951e+00
-4.147680e+00
-4.147425e+00
-4.147186e+00
-4.146963e+00
-4.146755e+00
-4.146560e+00
-4.146379e+00
-4.146211e+00
-4.146054e+00
-4.145908e+00
-4.145773e+00
-4.145647e+00
-4.145530e+00
-4.145420e+00
-4.145318e+00
-4.145222e+00
-4.145131e+00
-4.145046e+00
-4.144965e+00
-4.144888e+00
-4.144815e+00
-4.144744e+00
-4.144677e+00
-4.144611e+00
-4.144547e+00
-4.144485e+00
-4.144423e+00
-4.144363e+00
-4.144304e+00
-4.144246e+00
-4.144188e+00
-4.144131e+00
-4.144074e+00
-4.144018e+00
-4.143963e+00
-4.143907e+00
-4.143853e+00
-4.143799e+00
-4.143746e+00
-4.143693e+00
-4.143642e+00
-4.143591e+00
-4.143542e+00
-4.143494e+00
-4.143448e+00
-4.143404e+00
-4.143361e+00
-4.143320e+00
-4.143282e+00
-4.143246e+00
-4.143212e+00
-4.143181e+00
-4.143154e+00
-4.143129e+00
-4.143107e+00
-4.143089e+00
-4.143075e+00
-4.143064e+00
-4.143057e+00
-4.143055e+00
-4.143056e+00
-4.143062e+00
-4.143072e+00
-4.143087e+00
-4.143106e+00
-4.143130e+00
-4.143159e+00
-4.143193e+00
-4.143231e+00
-4.143275e+00
-4.143323e+00
-4.143377e+00
-4.143436e+00
-4.143500e+00
-4.143568e+00
-4.143642e+00
-4.143721e+00
-4.143805e+00
-4.143894e+00
-4.143987e+00
-4.144085e+00
-4.144188e+00
-4.144295e+00
-4.144407e+00
-4.144523e+00
-4.144644e+00
-4.144768e+00
-4.144896e+00
-4.145028e+00
-4.145164e+00
-4.145303e+00
-4.145445e+00
-4.145590e+00
-4.145739e+00
-4.145890e+00
-4.146043e+00
-4.146199e+00
-4.146357e+00
-4.146517e+00
-4.146679e+00
-4.146842e+00
-4.147007e+00
-4.147173e+00
-4.147340e+00
-4.147509e+00
-4.147678e+00
-4.147847e+00
-4.148018e+00
-4.148188e+00
-4.148359e+00
-4.148530e+00
-4.148701e+00
-4.148872e+00
-4.149043e+00
-4.149214e+00
-4.149384e+00
-4.149554e+00
-4.149723e+00
-4.149891e+00
-4.150059e+00
-4.150226e+00
-4.150393e+00
-4.150558e+00
-4.150723e+00
-4.150887e+00
-4.151050e+00
-4.151212e+00
-4.151373e+00
-4.151533e+00
-4.151691e+00
-4.151849e+00
-4.152006e+00
-4.152162e+00
-4.152317e+00
-4.152471e+00
-4.152623e+00
-4.152775e+00
-4.152926e+00
-4.153075e+00
-4.153224e+00
-4.153371e+00
-4.153518e+00
-4.153663e+00
-4.153808e+00
-4.153951e+00
-4.154094e+00
-4.154235e+00
-4.154376e+00
-4.154515e+00
-4.154654e+00
-4.154792e+00
-4.154929e+00
-4.155065e+00
-4.155200e+00
-4.155334e+00
-4.155468e+00
-4.155600e+00
-4.155732e+00
-4.155863e+00
-4.155993e+00
-4.156123e+00
-4.156252e+00
-4.156379e+00
-4.156507e+00
-4.156633e+00
-4.156759e+00
-4.156884e+00
-4.157008e+00
-4.157132e+00
-4.157255e+00
-4.157377e+00
-4.157499e+00
-4.157620e+00
-4.157740e+00
-4.157860e+00
-4.157979e+00
-4.158098e+00
-4.158216e+00
-4.158333e+00
-4.158450e+00
-4.158567e+00
-4.158683e+00
-4.158798e+00
-4.158913e+00
-4.159027e+00
-4.159141e+00
-4.159254e+00
-4.159367e+00
-4.159479e+00
-4.159591e+00
-4.159702e+00
-4.159813e+00
-4.159923e+00
-4.160033e+00
-4.160143e+00
-4.160252e+00
-4.160361e+00
-4.160469e+00
-4.160577e+00
-4.160684e+00
-4.160791e+00
-4.160898e+00
-4.161004e+00
-4.161110e+00
-4.161216e+00
-4.161321e+00
-4.161425e+00
-4.161530e+00
-4.161634e+00
-4.161738e+00
-4.161841e+00
-4.161944e+00
-4.162047e+00
-4.162149e+00
-4.162251e+00
-4.162353e+00
-4.162454e+00
-4.162555e+00
-4.162656e+00
-4.162757e+00
-4.162857e+00
-4.162957e+00
-4.163056e+00
-4.163156e+00
-4.163255e+00
-4.163353e+00
-4.163452e+00
-4.163550e+00
-4.163648e+00
-4.163746e+00
-4.163843e+00
-4.163940e+00
-4.164037e+00
-4.164133e+00
-4.164230e+00
-4.164326e+00
-4.164422e+00
-4.164517e+00
-4.164613e+00
-4.164708e+00
-4.164803e+00
-4.164898e+00
-4.164992e+00
-4.165086e+00
-4.165180e+00
-4.165274e+00
-4.165368e+00
-4.165461e+00
-4.165554e+00
-4.165647e+00
-4.165740e+00
-4.165833e+00
-4.165925e+00
-4.166017e+00
-4.166109e+00
-4.166201e+00
-4.166293e+00
-4.166384e+00
-4.166475e+00
-4.166567e+00
-4.166657e+00
-4.166748e+00
-4.166839e+00
-4.166929e+00
-4.167020e+00
-4.167110e+00
-4.167200e+00
-4.167289e+00
-4.167379e+00
-4.167469e+00
-4.167558e+00
-4.167647e+00
-4.167736e+00
-4.167825e+00
-4.167914e+00
-4.168003e+00
-4.168091e+00
-4.168180e+00
-4.168268e+00
-4.168356e+00
-4.168444e+00
-4.168532e+00
-4.168620e+00
-4.168708e+00
-4.168795e+00
-4.168883e+00
-4.168970e+00
-4.169058e+00
-4.169145e+00
-4.169232e+00
-4.169319e+00
-4.169406e+00
-4.169493e+00
-4.169580e+00
-4.169667e+00
-4.169753e+00
-4.169840e+00
-4.169926e+00
-4.170013e+00
-4.170099e+00
-4.170185e+00
-4.170271e+00
-4.170358e+00
-4.170444e+00
-4.170530e+00
-4.170616e+00
-4.170702e+00
-4.170787e+00
-4.170873e+00
-4.170959e+00
-4.171045e+00
-4.171130e+00
-4.171216e+00
-4.171302e+00
-4.171387e+00
-4.171473e+00
-4.171558e+00
-4.171644e+00
-4.171729e+00
-4.171814e+00
-4.171900e+00
-4.171985e+00
-4.172070e+00
-4.172156e+00
-4.172241e+00
-4.172326e+00
-4.172411e+00
-4.172496e+00
-4.172582e+00
-4.172667e+00
-4.172752e+00
-4.172837e+00
-4.172922e+00
-4.173007e+00
-4.173093e+00
-4.173178e+00
-4.173263e+00
-4.173348e+00
-4.173433e+00
-4.173518e+00
-4.173603e+00
-4.173689e+00
-4.173774e+00
-4.173859e+00
-4.173944e+00
-4.174029e+00
-4.174114e+00
-4.174199e+00
-4.174285e+00
-4.174370e+00
-4.174455e+00
-4.174540e+00
-4.174626e+00
-4.174711e+00
-4.174796e+00
-4.174881e+00
-4.174967e+00
-4.175052e+00
-4.175137e+00
-4.175223e+00
-4.175308e+00
-4.175394e+00
-4.175479e+00
-4.175565e+00
-4.175650e+00
-4.175736e+00
-4.175821e+00
-4.175907e+00
-4.175992e+00
-4.176078e+00
-4.176164e+00
-4.176249e+00
-4.176335e+00
-4.176421e+00
-4.176507e+00
-4.176593e+00
-4.176678e+00
-4.176764e+00
-4.176850e+00
-4.176936e+00
-4.177022e+00
-4.177108e+00
-4.177194e+00
-4.177280e+00
-4.177366e+00
-4.177453e+00
-4.177539e+00
-4.177625e+00
-4.177711e+00
-4.177798e+00
-4.177884e+00
-4.177971e+00
-4.178057e+00
-4.178143e+00
-4.178230e+00
-4.178317e+00
-4.178403e+00
-4.178490e+00
-4.178576e+00
-4.178663e+00
-4.178750e+00
-4.178837e+00
-4.178924e+00
-4.179011e+00
-4.179097e+00
-4.179184e+00
-4.179271e+00
-4.179359e+00
-4.179446e+00
-4.179533e+00
-4.179620e+00
-4.179707e+00
-4.179794e+00
-4.179882e+00
-4.179969e+00
-4.180057e+00
-4.180144e+00
-4.180231e+00
-4.180319e+00
-4.180407e+00
-4.180494e+00
-4.180582e+00
-4.180669e+00
-4.180757e+00
-4.180845e+00
-4.180933e+00
-4.181021e+00
-4.181109e+00
-4.181197e+00
-4.181285e+00
-4.181373e+00
-4.181461e+00
-4.181549e+00
-4.181637e+00
-4.181725e+00
-4.181813e+00
-4.181902e+00
-4.181990e+00
-4.182078e+00
-4.182167e+00
-4.182255e+00
-4.182344e+00
-4.182432e+00
-4.182521e+00
-4.182609e+00
-4.182698e+00
-4.182787e+00
-4.182875e+00
-4.182964e+00
-4.183053e+00
-4.183142e+00
-4.183231e+00
-4.183319e+00
-4.183408e+00
-4.183497e+00
-4.183586e+00
-4.183675e+00
-4.183765e+00
-4.183854e+00
-4.183943e+00
-4.184032e+00
-4.184121e+00
-4.184211e+00
-4.184300e+00
-4.184389e+00
-4.184479e+00
-4.184568e+00
-4.184657e+00
-4.184747e+00
-4.184837e+00
-4.184926e+00
-4.185016e+00
-4.185105e+00
-4.185195e+00
-4.185285e+00
-4.185374e+00
-4.185464e+00
-4.185554e+00
-4.185644e+00
-4.185734e+00
-4.185823e+00
-4.185913e+00
-4.186003e+00
-4.186093e+00
-4.186183e+00
-4.186273e+00
-4.186363e+00
-4.186454e+00
-4.186544e+00
-4.186634e+00
-4.186724e+00
-4.186814e+00
-4.186905e+00
-4.186995e+00
-4.187085e+00
-4.187175e+00
-4.187266e+00
-4.187356e+00
-4.187447e+00
-4.187537e+00
-4.187628e+00
-4.187718e+00
-4.187809e+00
-4.187899e+00
-4.187990e+00
-4.188080e+00
-4.188171e+00
-4.188262e+00
-4.188352e+00
-4.188443e+00
-4.188534e+00
-4.188625e+00
-4.188715e+00
-4.188806e+00
-4.188897e+00
-4.188988e+00
-4.189079e+00
-4.189170e+00
-4.189261e+00
-4.189352e+00
-4.189443e+00
-4.189534e+00
-4.189625e+00
-4.189716e+00
-4.189807e+00
-4.189898e+00
-4.189989e+00
-4.190080e+00
-4.190171e+00
-4.190262e+00
-4.190354e+00
-4.190445e+00
-4.190536e+00
-4.190627e+00
-4.190719e+00
-4.190810e+00
-4.190901e+00
-4.190993e+00
-4.191084e+00
-4.191176e+00
-4.191267e+00
-4.191358e+00
-4.191450e+00
-4.191541e+00
-4.191633e+00
-4.191724e+00
-4.191816e+00
-4.191908e+00
-4.191999e+00
-4.192091e+00
-4.192182e+00
-4.192274e+00
-4.192366e+00
-4.192457e+00
-4.192549e+00
-4.192641e+00
-4.192733e+00
-4.192824e+00
-4.192916e+00
-4.193008e+00
-4.193100e+00
-4.193191e+00
-4.193283e+00
-4.193375e+00
-4.193467e+00
-4.193559e+00
-4.193651e+00
-4.193743e+00
-4.193835e+00
-4.193927e+00
-4.194019e+00
-4.194111e+00
-4.194203e+00
-4.194295e+00
-4.194387e+00
-4.194479e+00
-4.194571e+00
-4.194663e+00
-4.194755e+00
-4.194847e+00
-4.194940e+00
-4.195032e+00
-4.195124e+00
-4.195216e+00
-4.195308e+00
-4.195401e+00
-4.195493e+00
-4.195585e+00
-4.195678e+00
-4.195770e+00
-4.195862e+00
-4.195955e+00
-4.196047e+00
-4.196139e+00
-4.196232e+00
-4.196324e+00
-4.196416e+00
-4.196509e+00
-4.196601e+00
-4.196694e+00
-4.196786e+00
-4.196879e+00
-4.196971e+00
-4.197064e+00
-4.197156e+00
-4.197249e+00
-4.197341e+00
-4.197434e+00
-4.197527e+00
-4.197619e+00
-4.197712e+00
-4.197805e+00
-4.197897e+00
-4.197990e+00
-4.198083e+00
-4.198175e+00
-4.198268e+00
-4.198361e+00
-4.198453e+00
-4.198546e+00
-4.198639e+00
-4.198732e+00
-4.198825e+00
-4.198917e+00
-4.199010e+00
-4.199103e+00
-4.199196e+00
-4.199289e+00
-4.199382e+00
-4.199475e+00
-4.199567e+00
-4.199660e+00
-4.199753e+00
-4.199846e+00
-4.199939e+00
-4.200032e+00
-4.200125e+00
-4.200218e+00
-4.200311e+00
-4.200404e+00
-4.200497e+00
-4.200590e+00
-4.200683e+00
-4.200777e+00
-4.200870e+00
-4.200963e+00
-4.201056e+00
-4.201149e+00
-4.201242e+00
-4.201335e+00
-4.201428e+00
-4.201522e+00
-4.201615e+00
-4.201708e+00
-4.201801e+00
-4.201894e+00
-4.201988e+00
-4.202081e+00
-4.202174e+00
-4.202268e+00
-4.202361e+00
-4.202454e+00
-4.202547e+00
-4.202641e+00
-4.202734e+00
-4.202827e+00
-4.202921e+00
-4.203014e+00
-4.203108e+00
-4.203201e+00
-4.203294e+00
-4.203388e+00
-4.203481e+00
-4.203575e+00
-4.203668e+00
-4.203762e+00
-4.203855e+00
-4.203949e+00
-4.204042e+00
-4.204136e+00
-4.204229e+00
-4.204323e+00
-4.204416e+00
-4.204510e+00
-4.204603e+00
-4.204697e+00
-4.204790e+00
-4.204884e+00
-4.204978e+00
-4.205071e+00
-4.205165e+00
-4.205258e+00
-4.205352e+00
-4.205446e+00
-4.205539e+00
-4.205633e+00
-4.205727e+00
-4.205820e+00
-4.205914e+00
-4.206008e+00
-4.206101e+00
-4.206195e+00
-4.206289e+00
-4.206383e+00
-4.206476e+00
-4.206570e+00
-4.206664e+00
-4.206758e+00
-4.206851e+00
-4.206945e+00
-4.207039e+00
-4.207133e+00
-4.207227e+00
-4.207321e+00
-4.207414e+00
-4.207508e+00
-4.207602e+00
-4.207696e+00
-4.207790e+00
-4.207884e+00
-4.207978e+00
-4.208071e+00
-4.208165e+00
-4.208259e+00
-4.208353e+00
-4.208447e+00
-4.208541e+00
-4.208635e+00
-4.208729e+00
-4.208823e+00
-4.208917e+00
-4.209011e+00
-4.209105e+00
-4.209199e+00
-4.209293e+00
-4.209387e+00
-4.209481e+00
-4.209575e+00
-4.209669e+00
-4.209763e+00
-4.209857e+00
-4.209951e+00
-4.210045e+00
-4.210139e+00
-4.210233e+00
-4.210327e+00
-4.210421e+00
-4.210515e+00
-4.210609e+00
-4.210703e+00
-4.210798e+00
-4.210892e+00
-4.210986e+00
-4.211080e+00
-4.211174e+00
-4.211268e+00
-4.211362e+00
-4.211456e+00
-4.211551e+00
-4.211645e+00
-4.211739e+00
-4.211833e+00
-4.211927e+00
-4.212021e+00
-4.212115e+00
-4.212210e+00
-4.212304e+00
-4.212398e+00
-4.212492e+00
-4.212586e+00
-4.212681e+00
-4.212775e+00
-4.212869e+00
-4.212963e+00
-4.213057e+00
-4.213152e+00
-4.213246e+00
-4.213340e+00
-4.213434e+00
-4.213529e+00
-4.213623e+00
-4.213717e+00
-4.213811e+00
-4.213906e+00
-4.214000e+00
-4.214094e+00
-4.214188e+00
-4.214283e+00
-4.214377e+00
-4.214471e+00
-4.214566e+00
-4.214660e+00
-4.214754e+00
-4.214848e+00
-4.214943e+00
-4.215037e+00
-4.215131e+00
-4.215226e+00
-4.215320e+00
-4.215414e+00
-4.215509e+00
-4.215603e+00
-4.215697e+00
-4.215792e+00
-4.215886e+00
-4.215980e+00
-4.216075e+00
-4.216169e+00
-4.216263e+00
-4.216358e+00
-4.216452e+00
-4.216546e+00
-4.216641e+00
-4.216735e+00
-4.216829e+00
-4.216924e+00
-4.217018e+00
-4.217113e+00
-4.217207e+00
-4.217301e+00
-4.217396e+00
-4.217490e+00
-4.217584e+00
-4.217679e+00
-4.217773e+00
-4.217868e+00
-4.217962e+00
-4.218056e+00
-4.218151e+00
-4.218245e+00
-4.218339e+00
-4.218434e+00
-4.218528e+00
-4.218623e+00
-4.218717e+00
-4.218811e+00
-4.218906e+00
-4.219000e+00
-4.219095e+00
-4.219189e+00
-4.219283e+00
-4.219378e+00
-4.219472e+00
-4.219567e+00
-4.219661e+00
-4.219755e+00
-4.219850e+00
-4.219944e+00
-4.220039e+00
-4.220133e+00
-4.220228e+00
-4.220322e+00
-4.220416e+00
-4.220511e+00
-4.220605e+00
-4.220700e+00
-4.220794e+00
-4.220888e+00
-4.220983e+00
-4.221077e+00
-4.221172e+00
-4.221266e+00
-4.221361e+00
-4.221455e+00
-4.221549e+00
-4.221644e+00
-4.221738e+00
-4.221833e+00
-4.221927e+00
-4.222022e+00
-4.222116e+00
-4.222210e+00
-4.222305e+00
-4.222399e+00
-4.222494e+00
-4.222588e+00
-4.222683e+00
-4.222777e+00
-4.222871e+00
-4.222966e+00
-4.223060e+00
-4.223155e+00
-4.223249e+00
-4.223344e+00
-4.223438e+00
-4.223532e+00
-4.223627e+00
-4.223721e+00
-4.223816e+00
-4.223910e+00
-4.224005e+00
-4.224099e+00
-4.224194e+00
-4.224288e+00
-4.224382e+00
-4.224477e+00
-4.224571e+00
-4.224666e+00
-4.224760e+00
-4.224855e+00
-4.224949e+00
-4.225043e+00
-4.225138e+00
-4.225232e+00
-4.225327e+00
-4.225421e+00
-4.225516e+00
-4.225610e+00
-4.225704e+00
-4.225799e+00
-4.225893e+00
-4.225988e+00
-4.226082e+00
-4.226177e+00
-4.226271e+00
-4.226365e+00
-4.226460e+00
-4.226554e+00
-4.226649e+00
-4.226743e+00
-4.226837e+00
-4.226932e+00
-4.227026e+00
-4.227121e+00
-4.227215e+00
-4.227310e+00
-4.227404e+00
-4.227498e+00
-4.227593e+00
-4.227687e+00
-4.227782e+00
-4.227876e+00
-4.227970e+00
-4.228065e+00
-4.228159e+00
-4.228254e+00
-4.228348e+00
-4.228443e+00
-4.228537e+00
-4.228631e+00
-4.228726e+00
-4.228820e+00
-4.228915e+00
-4.229009e+00
-4.229103e+00
-4.229198e+00
-4.229292e+00
-4.229387e+00
-4.229481e+00
-4.229575e+00
-4.229670e+00
-4.229764e+00
-4.229859e+00
-4.229953e+00
-4.230047e+00
-4.230142e+00
-4.230236e+00
-4.230331e+00
-4.230425e+00
-4.230519e+00
-4.230614e+00
-4.230708e+00
-4.230803e+00
-4.230897e+00
-4.230991e+00
-4.231086e+00
-4.231180e+00
-4.231274e+00
-4.231369e+00
-4.231463e+00
-4.231558e+00
-4.231652e+00
-4.231746e+00
-4.231841e+00
-4.231935e+00
-4.232030e+00
-4.232124e+00
-4.232218e+00
-4.232313e+00
-4.232407e+00
-4.232501e+00
-4.232596e+00
-4.232690e+00
-4.232785e+00
-4.232879e+00
-4.232973e+00
-4.233068e+00
-4.233162e+00
-4.233256e+00
-4.233351e+00
-4.233445e+00
-4.233539e+00
-4.233634e+00
-4.233728e+00
-4.233823e+00
-4.233917e+00
-4.234011e+00
-4.234106e+00
-4.234200e+00
-4.234294e+00
-4.234389e+00
-4.234483e+00
-4.234577e+00
-4.234672e+00
-4.234766e+00
-4.234861e+00
-4.234955e+00
-4.235049e+00
-4.235144e+00
-4.235238e+00
-4.235332e+00
-4.235427e+00
-4.235521e+00
-4.235615e+00
-4.235710e+00
-4.235804e+00
-4.235898e+00
-4.235993e+00
-4.236087e+00
-4.236181e+00
-4.236276e+00
-4.236370e+00
-4.236464e+00
-4.236559e+00
-4.236653e+00
-4.236747e+00
-4.236842e+00
-4.236936e+00
-4.237030e+00
-4.237125e+00
-4.237219e+00
-4.237313e+00
-4.237408e+00
-4.237502e+00
-4.237596e+00
-4.237691e+00
-4.237785e+00
-4.237879e+00
-4.237974e+00
-4.238068e+00
-4.238162e+00
-4.238257e+00
-4.238351e+00
-4.238445e+00
-4.238540e+00
-4.238634e+00
-4.238728e+00
-4.238823e+00
-4.238917e+00
-4.239011e+00
-4.239106e+00
-4.239200e+00
-4.239294e+00
-4.239389e+00
-4.239483e+00
-4.239577e+00
-4.239672e+00
-4.239766e+00
-4.239860e+00
-4.239955e+00
-4.240049e+00
-4.240143e+00
-4.240238e+00
-4.240332e+00
-4.240426e+00
-4.240521e+00
-4.240615e+00
-4.240709e+00
-4.240804e+00
-4.240898e+00
-4.240992e+00
-4.241087e+00
-4.241181e+00
-4.241275e+00
-4.241369e+00
-4.241464e+00
-4.241558e+00
-4.241652e+00
-4.241747e+00
-4.241841e+00
-4.241935e+00
-4.242030e+00
-4.242124e+00
-4.242218e+00
-4.242313e+00
-4.242407e+00
-4.242501e+00
-4.242596e+00
-4.242690e+00
-4.242784e+00
-4.242879e+00
-4.242973e+00
-4.243067e+00
-4.243162e+00
-4.243256e+00
-4.243350e+00
-4.243444e+00
-4.243539e+00
-4.243633e+00
-4.243727e+00
-4.243822e+00
-4.243916e+00
-4.244010e+00
-4.244105e+00
-4.244199e+00
-4.244293e+00
-4.244388e+00
-4.244482e+00
-4.244576e+00
-4.244671e+00
-4.244765e+00
-4.244859e+00
-4.244954e+00
-4.245048e+00
-4.245142e+00
-4.245237e+00
-4.245331e+00
-4.245425e+00
-4.245520e+00
-4.245614e+00
-4.245708e+00
-4.245802e+00
-4.245897e+00
-4.245991e+00
-4.246085e+00
-4.246180e+00
-4.246274e+00
-4.246368e+00
-4.246463e+00
-4.246557e+00
-4.246651e+00
-4.246746e+00
-4.246840e+00
-4.246934e+00
-4.247029e+00
-4.247123e+00
-4.247217e+00
-4.247312e+00
-4.247406e+00
-4.247500e+00
-4.247595e+00
-4.247689e+00
-4.247783e+00
-4.247878e+00
-4.247972e+00
-4.248066e+00
-4.248161e+00
-4.248255e+00
-4.248349e+00
-4.248444e+00
-4.248538e+00
-4.248632e+00
-4.248727e+00
-4.248821e+00
-4.248915e+00
-4.249010e+00
-4.249104e+00
-4.249199e+00
-4.249293e+00
-4.249387e+00
-4.249482e+00
-4.249576e+00
-4.249670e+00
-4.249765e+00
-4.249859e+00
-4.249953e+00
-4.250048e+00
-4.250142e+00
-4.250236e+00
-4.250331e+00
-4.250425e+00
-4.250520e+00
-4.250614e+00
-4.250708e+00
-4.250803e+00
-4.250897e+00
-4.250991e+00
-4.251086e+00
-4.251180e+00
-4.251274e+00
-4.251369e+00
-4.251463e+00
-4.251558e+00
-4.251652e+00
-4.251746e+00
-4.251841e+00
-4.251935e+00
-4.252029e+00
-4.252124e+00
-4.252218e+00
-4.252313e+00
-4.252407e+00
-4.252501e+00
-4.252596e+00
-4.252690e+00
-4.252785e+00
-4.252879e+00
-4.252973e+00
-4.253068e+00
-4.253162e+00
-4.253257e+00
-4.253351e+00
-4.253445e+00
-4.253540e+00
-4.253634e+00
-4.253729e+00
-4.253823e+00
-4.253917e+00
-4.254012e+00
-4.254106e+00
-4.254201e+00
-4.254295e+00
-4.254390e+00
-4.254484e+00
-4.254578e+00
-4.254673e+00
-4.254767e+00
-4.254862e+00
-4.254956e+00
-4.255051e+00
-4.255145e+00
-4.255239e+00
-4.255334e+00
-4.255428e+00
-4.255523e+00
-4.255617e+00
-4.255712e+00
-4.255806e+00
-4.255901e+00
-4.255995e+00
-4.256089e+00
-4.256184e+00
-4.256278e+00
-4.256373e+00
-4.256467e+00
-4.256562e+00
-4.256656e+00
-4.256751e+00
-4.256845e+00
-4.256940e+00
-4.257034e+00
-4.257129e+00
-4.257223e+00
-4.257318e+00
-4.257412e+00
-4.257507e+00
-4.257601e+00
-4.257696e+00
-4.257790e+00
-4.257885e+00
-4.257979e+00
-4.258074e+00
-4.258168e+00
-4.258263e+00
-4.258357e+00
-4.258452e+00
-4.258546e+00
-4.258641e+00
-4.258735e+00
-4.258830e+00
-4.258924e+00
-4.259019e+00
-4.259113e+00
-4.259208e+00
-4.259302e+00
-4.259397e+00
-4.259491e+00
-4.259586e+00
-4.259680e+00
-4.259775e+00
-4.259870e+00
-4.259964e+00
-4.260059e+00
-4.260153e+00
-4.260248e+00
-4.260342e+00
-4.260437e+00
-4.260531e+00
-4.260626e+00
-4.260721e+00
-4.260815e+00
-4.260910e+00
-4.261004e+00
-4.261099e+00
-4.261193e+00
-4.261288e+00
-4.261383e+00
-4.261477e+00
-4.261572e+00
-4.261666e+00
-4.261761e+00
-4.261856e+00
-4.261950e+00
-4.262045e+00
-4.262139e+00
-4.262234e+00
-4.262329e+00
-4.262423e+00
-4.262518e+00
-4.262613e+00
-4.262707e+00
-4.262802e+00
-4.262896e+00
-4.262991e+00
-4.263086e+00
-4.263180e+00
-4.263275e+00
-4.263370e+00
-4.263464e+00
-4.263559e+00
-4.263654e+00
-4.263748e+00
-4.263843e+00
-4.263938e+00
-4.264032e+00
-4.264127e+00
-4.264222e+00
-4.264316e+00
-4.264411e+00
-4.264506e+00
-4.264600e+00
-4.264695e+00
-4.264790e+00
-4.264884e+00
-4.264979e+00
-4.265074e+00
-4.265168e+00
-4.265263e+00
-4.265358e+00
-4.265453e+00
-4.265547e+00
-4.265642e+00
-4.265737e+00
-4.265832e+00
-4.265926e+00
-4.266021e+00
-4.266116e+00
-4.266210e+00
-4.266305e+00
-4.266400e+00
-4.266495e+00
-4.266589e+00
-4.266684e+00
-4.266779e+00
-4.266874e+00
-4.266969e+00
-4.267063e+00
-4.267158e+00
-4.267253e+00
-4.267348e+00
-4.267442e+00
-4.267537e+00
-4.267632e+00
-4.267727e+00
-4.267822e+00
-4.267916e+00
-4.268011e+00
-4.268106e+00
-4.268201e+00
-4.268296e+00
-4.268390e+00
-4.268485e+00
-4.268580e+00
-4.268675e+00
-4.268770e+00
-4.268865e+00
-4.268959e+00
-4.269054e+00
-4.269149e+00
-4.269244e+00
-4.269339e+00
-4.269434e+00
-4.269528e+00
-4.269623e+00
-4.269718e+00
-4.269813e+00
-4.269908e+00
-4.270003e+00
-4.270098e+00
-4.270193e+00
-4.270287e+00
-4.270382e+00
-4.270477e+00
-4.270572e+00
-4.270667e+00
-4.270762e+00
-4.270857e+00
-4.270952e+00
-4.271047e+00
-4.271142e+00
-4.271236e+00
-4.271331e+00
-4.271426e+00
-4.271521e+00
-4.271616e+00
-4.271711e+00
-4.271806e+00
-4.271901e+00
-4.271996e+00
-4.272091e+00
-4.272186e+00
-4.272281e+00
-4.272376e+00
-4.272471e+00
-4.272566e+00
-4.272661e+00
-4.272756e+00
-4.272851e+00
-4.272946e+00
-4.273041e+00
-4.273136e+00
-4.273231e+00
-4.273326e+00
-4.273421e+00
-4.273516e+00
-4.273611e+00
-4.273706e+00
-4.273801e+00
-4.273896e+00
-4.273991e+00
-4.274086e+00
-4.274181e+00
-4.274276e+00
-4.274371e+00
-4.274466e+00
-4.274561e+00
-4.274656e+00
-4.274751e+00
-4.274846e+00
-4.274941e+00
-4.275036e+00
-4.275131e+00
-4.275226e+00
-4.275321e+00
-4.275416e+00
-4.275511e+00
-4.275607e+00
-4.275702e+00
-4.275797e+00
-4.275892e+00
-4.275987e+00
-4.276082e+00
-4.276177e+00
-4.276272e+00
-4.276367e+00
-4.276462e+00
-4.276558e+00
-4.276653e+00
-4.276748e+00
-4.276843e+00
-4.276938e+00
-4.277033e+00
-4.277128e+00
-4.277224e+00
-4.277319e+00
-4.277414e+00
-4.277509e+00
-4.277604e+00
-4.277699e+00
-4.277794e+00
-4.277890e+00
-4.277985e+00
-4.278080e+00
-4.278175e+00
-4.278270e+00
-4.278366e+00
-4.278461e+00
-4.278556e+00
-4.278651e+00
-4.278746e+00
-4.278842e+00
-4.278937e+00
-4.279032e+00
-4.279127e+00
-4.279222e+00
-4.279318e+00
-4.279413e+00
-4.279508e+00
-4.279603e+00
-4.279699e+00
-4.279794e+00
-4.279889e+00
-4.279984e+00
-4.280080e+00
-4.280175e+00
-4.280270e+00
-4.280365e+00
-4.280461e+00
-4.280556e+00
-4.280651e+00
-4.280746e+00
-4.280842e+00
-4.280937e+00
-4.281032e+00
-4.281128e+00
-4.281223e+00
-4.281318e+00
-4.281413e+00
-4.281509e+00
-4.281604e+00
-4.281699e+00
-4.281795e+00
-4.281890e+00
-4.281985e+00
-4.282081e+00
-4.282176e+00
-4.282271e+00
-4.282367e+00
-4.282462e+00
-4.282557e+00
-4.282653e+00
-4.282748e+00
-4.282843e+00
-4.282939e+00
-4.283034e+00
-4.283129e+00
-4.283225e+00
-4.283320e+00
-4.283416e+00
-4.283511e+00
-4.283606e+00
-4.283702e+00
-4.283797e+00
-4.283892e+00
-4.283988e+00
-4.284083e+00
-4.284179e+00
-4.284274e+00
-4.284369e+00
-4.284465e+00
-4.284560e+00
-4.284656e+00
-4.284751e+00
-4.284846e+00
-4.284942e+00
-4.285037e+00
-4.285133e+00
-4.285228e+00
-4.285324e+00
-4.285419e+00
-4.285515e+00
-4.285610e+00
-4.285705e+00
-4.285801e+00
-4.285896e+00
-4.285992e+00
-4.286087e+00
-4.286183e+00
-4.286278e+00
-4.286374e+00
-4.286469e+00
-4.286565e+00
-4.286660e+00
-4.286756e+00
-4.286851e+00
-4.286947e+00
-4.287042e+00
-4.287138e+00
-4.287233e+00
-4.287329e+00
-4.287424e+00
-4.287520e+00
-4.287615e+00
-4.287711e+00
-4.287806e+00
-4.287902e+00
-4.287997e+00
-4.288093e+00
-4.288188e+00
-4.288284e+00
-4.288379e+00
-4.288475e+00
-4.288570e+00
-4.288666e+00
-4.288761e+00
-4.288857e+00
-4.288953e+00
-4.289048e+00
-4.289144e+00
-4.289239e+00
-4.289335e+00
-4.289430e+00
-4.289526e+00
-4.289622e+00
-4.289717e+00
-4.289813e+00
-4.289908e+00
-4.290004e+00
-4.290099e+00
-4.290195e+00
-4.290291e+00
-4.290386e+00
-4.290482e+00
-4.290577e+00
-4.290673e+00
-4.290769e+00
-4.290864e+00
-4.290960e+00
-4.291055e+00
-4.291151e+00
-4.291247e+00
-4.291342e+00
-4.291438e+00
-4.291534e+00
-4.291629e+00
-4.291725e+00
-4.291820e+00
-4.291916e+00
-4.292012e+00
-4.292107e+00
-4.292203e+00
-4.292299e+00
-4.292394e+00
-4.292490e+00
-4.292586e+00
-4.292681e+00
-4.292777e+00
-4.292873e+00
-4.292968e+00
-4.293064e+00
-4.293160e+00
-4.293255e+00
-4.293351e+00
-4.293447e+00
-4.293542e+00
-4.293638e+00
-4.293734e+00
-4.293829e+00
-4.293925e+00
-4.294021e+00
-4.294116e+00
-4.294212e+00
-4.294308e+00
-4.294404e+00
-4.294499e+00
-4.294595e+00
-4.294691e+00
-4.294786e+00
-4.294882e+00
-4.294978e+00
-4.295074e+00
-4.295169e+00
-4.295265e+00
-4.295361e+00
-4.295456e+00
-4.295552e+00
-4.295648e+00
-4.295744e+00
-4.295839e+00
-4.295935e+00
-4.296031e+00
-4.296127e+00
-4.296222e+00
-4.296318e+00
-4.296414e+00
-4.296509e+00
-4.296605e+00
-4.296701e+00
-4.296797e+00
-4.296892e+00
-4.296988e+00
-4.297084e+00
-4.297180e+00
-4.297276e+00
-4.297371e+00
-4.297467e+00
-4.297563e+00
-4.297659e+00
-4.297754e+00
-4.297850e+00
-4.297946e+00
-4.298042e+00
-4.298137e+00
-4.298233e+00
-4.298329e+00
-4.298425e+00
-4.298521e+00
-4.298616e+00
-4.298712e+00
-4.298808e+00
-4.298904e+00
-4.298999e+00
-4.299095e+00
-4.299191e+00
-4.299287e+00
-4.299383e+00
-4.299478e+00
-4.299574e+00
-4.299670e+00
-4.299766e+00
-4.299862e+00
-4.299957e+00
-4.300053e+00
-4.300149e+00
-4.300245e+00
-4.300341e+00
-4.300436e+00
-4.300532e+00
-4.300628e+00
-4.300724e+00
-4.300820e+00
-4.300916e+00
-4.301011e+00
-4.301107e+00
-4.301203e+00
-4.301299e+00
-4.301395e+00
-4.301490e+00
-4.301586e+00
-4.301682e+00
-4.301778e+00
-4.301874e+00
-4.301970e+00
-4.302065e+00
-4.302161e+00
-4.302257e+00
-4.302353e+00
-4.302449e+00
-4.302545e+00
-4.302640e+00
-4.302736e+00
-4.302832e+00
-4.302928e+00
-4.303024e+00
-4.303120e+00
-4.303215e+00
-4.303311e+00
-4.303407e+00
-4.303503e+00
-4.303599e+00
-4.303695e+00
-4.303791e+00
-4.303886e+00
-4.303982e+00
-4.304078e+00
-4.304174e+00
-4.304270e+00
-4.304366e+00
-4.304461e+00
-4.304557e+00
-4.304653e+00
-4.304749e+00
-4.304845e+00
-4.304941e+00
-4.305037e+00
-4.305132e+00
-4.305228e+00
-4.305324e+00
-4.305420e+00
-4.305516e+00
-4.305612e+00
-4.305708e+00
-4.305803e+00
-4.305899e+00
-4.305995e+00
-4.306091e+00
-4.306187e+00
-4.306283e+00
-4.306379e+00
-4.306474e+00
-4.306570e+00
-4.306666e+00
-4.306762e+00
-4.306858e+00
-4.306954e+00
-4.307050e+00
-4.307145e+00
-4.307241e+00
-4.307337e+00
-4.307433e+00
-4.307529e+00
-4.307625e+00
-4.307721e+00
-4.307816e+00
-4.307912e+00
-4.308008e+00
-4.308104e+00
-4.308200e+00
-4.308296e+00
-4.308392e+00
-4.308487e+00
-4.308583e+00
-4.308679e+00
-4.308775e+00
-4.308871e+00
-4.308967e+00
-4.309063e+00
-4.309158e+00
-4.309254e+00
-4.309350e+00
-4.309446e+00
-4.309542e+00
-4.309638e+00
-4.309733e+00
-4.309829e+00
-4.309925e+00
-4.310021e+00
-4.310117e+00
-4.310213e+00
-4.310309e+00
-4.310404e+00
-4.310500e+00
-4.310596e+00
-4.310692e+00
-4.310788e+00
-4.310884e+00
-4.310980e+00
-4.311075e+00
-4.311171e+00
-4.311267e+00
-4.311363e+00
-4.311459e+00
-4.311555e+00
-4.311650e+00
-4.311746e+00
-4.311842e+00
-4.311938e+00
-4.312034e+00
-4.312130e+00
-4.312225e+00
-4.312321e+00
-4.312417e+00
-4.312513e+00
-4.312609e+00
-4.312705e+00
-4.312800e+00
-4.312896e+00
-4.312992e+00
-4.313088e+00
-4.313184e+00
-4.313280e+00
-4.313375e+00
-4.313471e+00
-4.313567e+00
-4.313663e+00
-4.313759e+00
-4.313854e+00
-4.313950e+00
-4.314046e+00
-4.314142e+00
-4.314238e+00
-4.314334e+00
-4.314429e+00
-4.314525e+00
-4.314621e+00
-4.314717e+00
-4.314813e+00
-4.314908e+00
-4.315004e+00
-4.315100e+00
-4.315196e+00
-4.315292e+00
-4.315387e+00
-4.315483e+00
-4.315579e+00
-4.315675e+00
-4.315771e+00
-4.315866e+00
-4.315962e+00
-4.316058e+00
-4.316154e+00
-4.316249e+00
-4.316345e+00
-4.316441e+00
-4.316537e+00
-4.316633e+00
-4.316728e+00
-4.316824e+00
-4.316920e+00
-4.317016e+00
-4.317111e+00
-4.317207e+00
-4.317303e+00
-4.317399e+00
-4.317494e+00
-4.317590e+00
-4.317686e+00
-4.317782e+00
-4.317877e+00
-4.317973e+00
-4.318069e+00
-4.318165e+00
-4.318260e+00
-4.318356e+00
-4.318452e+00
-4.318548e+00
-4.318643e+00
-4.318739e+00
-4.318835e+00
-4.318930e+00
-4.319026e+00
-4.319122e+00
-4.319218e+00
-4.319313e+00
-4.319409e+00
-4.319505e+00
-4.319600e+00
-4.319696e+00
-4.319792e+00
-4.319888e+00
-4.319983e+00
-4.320079e+00
-4.320175e+00
-4.320270e+00
-4.320366e+00
-4.320462e+00
-4.320557e+00
-4.320653e+00
-4.320749e+00
-4.320844e+00
-4.320940e+00
-4.321036e+00
-4.321131e+00
-4.321227e+00
-4.321323e+00
-4.321418e+00
-4.321514e+00
-4.321610e+00
-4.321705e+00
-4.321801e+00
-4.321897e+00
-4.321992e+00
-4.322088e+00
-4.322183e+00
-4.322279e+00
-4.322375e+00
-4.322470e+00
-4.322566e+00
-4.322662e+00
-4.322757e+00
-4.322853e+00
