-0.976
-0.97
-0.964
-0.958
-0.952
-0.946
-0.934
-0.922
-0.916
-0.91
-0.904
-0.892
-0.88
-0.874
-0.868
-0.85
-0.826
-0.82
-0.814
-0.808
-0.796
-0.79
-0.76
-0.736
-0.73
-0.724
-0.718
-0.712
-0.706
-0.7
-0.688
-0.682
-0.676
-0.67
-0.664
-0.652
-0.64
-0.634
-0.616
-0.604
-0.592
-0.58
-0.574
-0.568
-0.562
-0.544
-0.538
-0.532
-0.526
-0.514
-0.508
-0.502
-0.49
-0.478
-0.472
-0.466
-0.46
-0.454
-0.448
-0.43
-0.424
-0.418
-0.4
-0.388
-0.382
-0.376
-0.37
-0.364
-0.346
-0.34
-0.334
-0.328
-0.322
-0.316
-0.31
-0.304
-0.28
-0.274
-0.268
-0.256
-0.25
-0.232
-0.226
-0.214
-0.202
-0.196
-0.19
-0.184
-0.178
-0.172
-0.166
-0.16
-0.154
-0.148
-0.142
-0.136
-0.13
-0.124
-0.118
-0.106
-0.1
-0.082
-0.076
-0.07
-0.064
-0.052
-0.046
-0.04
-0.034
-0.028
-0.016
-0.004
0.002
0.008
0.02
0.032
0.044
0.05
0.056
0.062
0.074
0.08
0.086
0.092
0.098
0.104
0.11
0.116
0.128
0.134
0.146
0.152
0.158
0.164
0.176
0.182
0.188
0.2
0.206
0.212
0.218
0.224
0.23
0.242
0.254
0.266
0.272
0.278
0.284
0.29
0.308
0.314
0.326
0.332
0.338
0.35
0.356
0.368
0.374
0.386
0.392
0.398
0.404
0.416
0.422
0.428
0.44
0.446
0.452
0.458
0.464
0.476
0.482
0.488
0.494
0.506
0.512
0.524
0.53
0.548
0.56
0.572
0.578
0.584
0.596
0.602
0.608
0.614
0.62
0.626
0.638
0.644
0.65
0.656
0.674
0.686
0.692
0.704
0.71
0.716
0.722
0.728
0.734
0.74
0.752
0.758
0.764
0.77
0.782
0.794
0.806
0.812
0.818
0.824
0.83
0.854
0.86
0.872
0.884
0.89
0.896
0.902
0.914
0.92
0.926
0.944
0.95
0.956
0.962
0.974
0.98
0.986
0.992
0.998
