2.095731e-01
1.684351e-01
1.694588e-01
1.704946e-01
1.715428e-01
1.726035e-01
1.736770e-01
1.747635e-01
1.758633e-01
1.769789e-01
1.781533e-01
1.793429e-01
1.805479e-01
1.817688e-01
1.830056e-01
1.842586e-01
1.855277e-01
1.868128e-01
1.881136e-01
1.894293e-01
1.907592e-01
1.921018e-01
1.934556e-01
1.948186e-01
1.961881e-01
1.975613e-01
1.989348e-01
2.003046e-01
2.016665e-01
2.030370e-01
2.044352e-01
2.058121e-01
2.071619e-01
2.084790e-01
2.097572e-01
2.109906e-01
2.121731e-01
2.132986e-01
2.143612e-01
2.153548e-01
2.162733e-01
2.171106e-01
2.178604e-01
2.185160e-01
2.190703e-01
2.195156e-01
2.198433e-01
2.200639e-01
2.201926e-01
2.201714e-01
2.200060e-01
2.196875e-01
2.191755e-01
2.184506e-01
2.174924e-01
2.162793e-01
2.147897e-01
2.130380e-01
2.109878e-01
2.086170e-01
2.059172e-01
2.028860e-01
1.995280e-01
1.958637e-01
1.919812e-01
1.880326e-01
1.868356e-01
1.855550e-01
1.842506e-01
1.831120e-01
1.817944e-01
1.807911e-01
1.799432e-01
1.789349e-01
1.777844e-01
1.765127e-01
1.751334e-01
1.735578e-01
1.719520e-01
1.701895e-01
1.683832e-01
1.665472e-01
1.646724e-01
1.626721e-01
1.606471e-01
1.584877e-01
1.562572e-01
1.539085e-01
1.514416e-01
1.489474e-01
1.462943e-01
1.435530e-01
1.406919e-01
1.377569e-01
1.347471e-01
1.317125e-01
1.286213e-01
1.255724e-01
1.224981e-01
1.194385e-01
1.164718e-01
1.139429e-01
1.119450e-01
1.100438e-01
1.081982e-01
1.073303e-01
1.078622e-01
1.084492e-01
1.091302e-01
1.098354e-01
1.105321e-01
1.112644e-01
1.120297e-01
1.129103e-01
1.136789e-01
1.143832e-01
1.149890e-01
1.154831e-01
1.158981e-01
1.163092e-01
1.166265e-01
1.168717e-01
1.170435e-01
1.171395e-01
1.171659e-01
1.171452e-01
1.170715e-01
1.169448e-01
1.167694e-01
1.165757e-01
1.163508e-01
1.161252e-01
1.158644e-01
1.155653e-01
1.152295e-01
1.148584e-01
1.144532e-01
1.140146e-01
1.135435e-01
1.130405e-01
1.125164e-01
1.119882e-01
1.114296e-01
1.108418e-01
1.102327e-01
1.096276e-01
1.090147e-01
1.083816e-01
1.077320e-01
1.070697e-01
1.063984e-01
1.057221e-01
1.050444e-01
1.043684e-01
1.036966e-01
1.030351e-01
1.023910e-01
1.017551e-01
1.011275e-01
1.005265e-01
9.993714e-02
9.937736e-02
9.882296e-02
9.827319e-02
9.772739e-02
9.718495e-02
9.664536e-02
9.610818e-02
9.557310e-02
9.504855e-02
9.454031e-02
9.403354e-02
9.352810e-02
9.302544e-02
9.253866e-02
9.205279e-02
9.156777e-02
9.108358e-02
9.060019e-02
9.011757e-02
8.963572e-02
8.915464e-02
8.867434e-02
8.819485e-02
8.771619e-02
8.723840e-02
8.676152e-02
8.632205e-02
8.589783e-02
8.547459e-02
8.506167e-02
8.465576e-02
8.425896e-02
8.388259e-02
8.350684e-02
8.313171e-02
8.275721e-02
8.238334e-02
8.201011e-02
8.163752e-02
8.126557e-02
8.089782e-02
8.053311e-02
8.018591e-02
7.985851e-02
7.953454e-02
7.921578e-02
7.890805e-02
7.860475e-02
7.830178e-02
7.799910e-02
7.769666e-02
7.739441e-02
7.709231e-02
7.679031e-02
7.648835e-02
7.618640e-02
7.588439e-02
7.558228e-02
7.528001e-02
7.497755e-02
7.468562e-02
7.441237e-02
7.413847e-02
7.386385e-02
7.360029e-02
7.333754e-02
7.307379e-02
7.280900e-02
7.254310e-02
7.227604e-02
7.200777e-02
7.174081e-02
7.151859e-02
7.130800e-02
7.109513e-02
7.087994e-02
7.066240e-02
7.044246e-02
7.022323e-02
7.002349e-02
6.982095e-02
6.961557e-02
6.941970e-02
6.922200e-02
6.902138e-02
6.881785e-02
6.861140e-02
6.840204e-02
6.818977e-02
6.797461e-02
6.775658e-02
6.753570e-02
6.731201e-02
6.708554e-02
6.686256e-02
6.664194e-02
6.641843e-02
6.619206e-02
6.598695e-02
6.579926e-02
6.560880e-02
6.541563e-02
6.521983e-02
6.502147e-02
6.482062e-02
6.461736e-02
6.441175e-02
6.420388e-02
6.399382e-02
6.378163e-02
6.356739e-02
6.335115e-02
6.313299e-02
6.291296e-02
6.269112e-02
6.246751e-02
6.224218e-02
6.201518e-02
6.178654e-02
6.155628e-02
6.132445e-02
6.109106e-02
6.086763e-02
6.065163e-02
6.045064e-02
6.024762e-02
6.004257e-02
5.984954e-02
5.967753e-02
5.950322e-02
5.932659e-02
5.914763e-02
5.896632e-02
5.878264e-02
5.859884e-02
5.841298e-02
5.822466e-02
5.803391e-02
5.784074e-02
5.764519e-02
5.744729e-02
5.724708e-02
5.704461e-02
5.683995e-02
5.663320e-02
5.643949e-02
5.624553e-02
5.604864e-02
5.584889e-02
5.565294e-02
5.545722e-02
5.525874e-02
5.505787e-02
5.486328e-02
5.466899e-02
5.447309e-02
5.427570e-02
5.407692e-02
5.387687e-02
5.367567e-02
5.347340e-02
5.327820e-02
5.308501e-02
5.289097e-02
5.269618e-02
5.250075e-02
5.230477e-02
5.210834e-02
5.191155e-02
5.171448e-02
5.151724e-02
5.131989e-02
5.112252e-02
5.092596e-02
5.073977e-02
5.057476e-02
5.042060e-02
5.027171e-02
5.012359e-02
4.998198e-02
4.983970e-02
4.970938e-02
4.957953e-02
4.944901e-02
4.931761e-02
4.918995e-02
4.906919e-02
4.894754e-02
4.882504e-02
4.870176e-02
4.857777e-02
4.846542e-02
4.835227e-02
4.825233e-02
4.816525e-02
4.808486e-02
4.800573e-02
4.792593e-02
4.785640e-02
4.778711e-02
4.771710e-02
4.764641e-02
4.757505e-02
4.750305e-02
4.743042e-02
4.735718e-02
4.728903e-02
4.722659e-02
4.716674e-02
4.710624e-02
4.704510e-02
4.698334e-02
4.692098e-02
4.685804e-02
4.679453e-02
4.673176e-02
4.666988e-02
4.661450e-02
4.656149e-02
4.651215e-02
4.646470e-02
4.641665e-02
4.636803e-02
4.631885e-02
4.626913e-02
4.621889e-02
4.616816e-02
4.611693e-02
4.606525e-02
4.601311e-02
4.596055e-02
4.590757e-02
4.585420e-02
4.580046e-02
4.574635e-02
4.569191e-02
4.563714e-02
4.558206e-02
4.552670e-02
4.547720e-02
4.543986e-02
4.540322e-02
4.536625e-02
4.532898e-02
4.529141e-02
4.525355e-02
4.521542e-02
4.517702e-02
4.513837e-02
4.509948e-02
4.506206e-02
4.502811e-02
4.499392e-02
4.495948e-02
4.492480e-02
4.488991e-02
4.485480e-02
4.481949e-02
4.478398e-02
4.474828e-02
4.471241e-02
4.467637e-02
4.464016e-02
4.460381e-02
4.456731e-02
4.453067e-02
4.449390e-02
4.445702e-02
4.442001e-02
4.438290e-02
4.434569e-02
4.430839e-02
4.427100e-02
4.423352e-02
4.420009e-02
4.416791e-02
4.413562e-02
4.410322e-02
4.407072e-02
4.403813e-02
4.400545e-02
4.397268e-02
4.393984e-02
4.390692e-02
4.387393e-02
4.384088e-02
4.380776e-02
4.377597e-02
4.374519e-02
4.371434e-02
4.368342e-02
4.365243e-02
4.362139e-02
4.359030e-02
4.356284e-02
4.353582e-02
4.350872e-02
4.348157e-02
4.345434e-02
4.342706e-02
4.339972e-02
4.337232e-02
4.334487e-02
4.331737e-02
4.328983e-02
4.326224e-02
4.323461e-02
4.320694e-02
4.318030e-02
4.315662e-02
4.313287e-02
4.310906e-02
4.308518e-02
4.306124e-02
4.303724e-02
4.301706e-02
4.299748e-02
4.297778e-02
4.295798e-02
4.293806e-02
4.291804e-02
4.289795e-02
4.287968e-02
4.286222e-02
4.284480e-02
4.282725e-02
4.280959e-02
4.279181e-02
4.277391e-02
4.275590e-02
4.273778e-02
4.271954e-02
4.270120e-02
4.268275e-02
4.266419e-02
4.264553e-02
4.262677e-02
4.260791e-02
4.258895e-02
4.256989e-02
4.255074e-02
4.253149e-02
4.251215e-02
4.249273e-02
4.247321e-02
4.245361e-02
4.243392e-02
4.241415e-02
4.239429e-02
4.237436e-02
4.235468e-02
4.233782e-02
4.232086e-02
4.230380e-02
4.228665e-02
4.226942e-02
4.225293e-02
4.223838e-02
4.222372e-02
4.220894e-02
4.219406e-02
4.217906e-02
4.216397e-02
4.214876e-02
4.213346e-02
4.211805e-02
4.210255e-02
4.208695e-02
4.207125e-02
4.205545e-02
4.203957e-02
4.202359e-02
4.200752e-02
4.199136e-02
4.197512e-02
4.195879e-02
4.194237e-02
4.192587e-02
4.190929e-02
4.189264e-02
4.187590e-02
4.185909e-02
4.184220e-02
4.182523e-02
4.180820e-02
4.179109e-02
4.177392e-02
4.175667e-02
4.173936e-02
4.172198e-02
4.170454e-02
4.168704e-02
4.166947e-02
4.165185e-02
4.163416e-02
4.161642e-02
4.159862e-02
4.158077e-02
4.156286e-02
4.154490e-02
4.152688e-02
4.150882e-02
4.149070e-02
4.147254e-02
4.145433e-02
4.143608e-02
4.141778e-02
4.139944e-02
4.138105e-02
4.136262e-02
4.134415e-02
4.132564e-02
4.130709e-02
4.128850e-02
4.126987e-02
4.125121e-02
4.123251e-02
4.121378e-02
4.119501e-02
4.117621e-02
4.115738e-02
4.113851e-02
4.111961e-02
4.110069e-02
4.108173e-02
4.106274e-02
4.104583e-02
4.102907e-02
4.101227e-02
4.099544e-02
4.097856e-02
4.096164e-02
4.094469e-02
4.092770e-02
4.091067e-02
4.089361e-02
4.087651e-02
4.085938e-02
4.084221e-02
4.082501e-02
4.080777e-02
4.079050e-02
4.077320e-02
4.075587e-02
4.073850e-02
4.072110e-02
4.070367e-02
4.068620e-02
4.066871e-02
4.065118e-02
4.063362e-02
4.061604e-02
4.059842e-02
4.058077e-02
4.056309e-02
4.054538e-02
4.052765e-02
4.050988e-02
4.049208e-02
4.047425e-02
4.045640e-02
4.043851e-02
4.042059e-02
4.040265e-02
4.038467e-02
4.036667e-02
4.034863e-02
4.033057e-02
4.031248e-02
4.029436e-02
4.027621e-02
4.025802e-02
4.023981e-02
4.022157e-02
4.020330e-02
4.018501e-02
4.016798e-02
4.015495e-02
4.014186e-02
4.012871e-02
4.011551e-02
4.010226e-02
4.008896e-02
4.007560e-02
4.006219e-02
4.004872e-02
4.003521e-02
4.002164e-02
4.000801e-02
3.999434e-02
3.998061e-02
3.996683e-02
3.995299e-02
3.993911e-02
3.992517e-02
3.991117e-02
3.989713e-02
3.988303e-02
3.986888e-02
3.985468e-02
3.984043e-02
3.982612e-02
3.981176e-02
3.979735e-02
3.978289e-02
3.976837e-02
3.975381e-02
3.973919e-02
3.972452e-02
3.970980e-02
3.969502e-02
3.968020e-02
3.966532e-02
3.965040e-02
3.963542e-02
3.962039e-02
3.960570e-02
3.959160e-02
3.957745e-02
3.956325e-02
3.954899e-02
3.953620e-02
3.952370e-02
3.951115e-02
3.949853e-02
3.948586e-02
3.947313e-02
3.946034e-02
3.944750e-02
3.943460e-02
3.942164e-02
3.940862e-02
3.939554e-02
3.938241e-02
3.936922e-02
3.935598e-02
3.934267e-02
3.932932e-02
3.931590e-02
3.930243e-02
3.928891e-02
3.927532e-02
3.926213e-02
3.924937e-02
3.923656e-02
3.922370e-02
3.921077e-02
3.919778e-02
3.918474e-02
3.917164e-02
3.915848e-02
3.914526e-02
3.913198e-02
3.911865e-02
3.910527e-02
3.909182e-02
3.907832e-02
3.906476e-02
3.905115e-02
3.903778e-02
3.902638e-02
3.901590e-02
3.900535e-02
3.899474e-02
3.898406e-02
3.897332e-02
3.896251e-02
3.895164e-02
3.894070e-02
3.892970e-02
3.891863e-02
3.890750e-02
3.889631e-02
3.888505e-02
3.887373e-02
3.886234e-02
3.885089e-02
3.883938e-02
3.882781e-02
3.881618e-02
3.880449e-02
3.879273e-02
3.878091e-02
3.876904e-02
3.875710e-02
3.874510e-02
3.873304e-02
3.872092e-02
3.870875e-02
3.869651e-02
3.868422e-02
3.867186e-02
3.865945e-02
3.864699e-02
3.863446e-02
3.862188e-02
3.860923e-02
3.859654e-02
3.858378e-02
3.857097e-02
3.855811e-02
3.854519e-02
3.853221e-02
3.851918e-02
3.850609e-02
3.849295e-02
3.847975e-02
3.846650e-02
3.845320e-02
3.843984e-02
3.842643e-02
3.841296e-02
3.839945e-02
3.838588e-02
3.837226e-02
3.835917e-02
3.834645e-02
3.833367e-02
3.832083e-02
3.830794e-02
3.829500e-02
3.828199e-02
3.826893e-02
3.825582e-02
3.824265e-02
3.822943e-02
3.821615e-02
3.820282e-02
3.818980e-02
3.817786e-02
3.816586e-02
3.815380e-02
3.814168e-02
3.812950e-02
3.811727e-02
3.810498e-02
3.809263e-02
3.808023e-02
3.806777e-02
3.805525e-02
3.804267e-02
3.803004e-02
3.801736e-02
3.800461e-02
3.799182e-02
3.797905e-02
3.796775e-02
3.795639e-02
3.794497e-02
3.793349e-02
3.792196e-02
3.791063e-02
3.789997e-02
3.788925e-02
3.787847e-02
3.786762e-02
3.785672e-02
3.784575e-02
3.783471e-02
3.782362e-02
3.781247e-02
3.780125e-02
3.778998e-02
3.777864e-02
3.776724e-02
3.775578e-02
3.774427e-02
3.773269e-02
3.772105e-02
3.770935e-02
3.769759e-02
3.768578e-02
3.767390e-02
3.766197e-02
3.764998e-02
3.763793e-02
3.762582e-02
3.761365e-02
3.760142e-02
3.758914e-02
3.757761e-02
3.756622e-02
3.755476e-02
3.754325e-02
3.753168e-02
3.752004e-02
3.750835e-02
3.749668e-02
3.748494e-02
3.747315e-02
3.746129e-02
3.744938e-02
3.743740e-02
3.742537e-02
3.741327e-02
3.740112e-02
3.738890e-02
3.737663e-02
3.736430e-02
3.735190e-02
3.733945e-02
3.732694e-02
3.731438e-02
3.730175e-02
3.728907e-02
3.727633e-02
3.726353e-02
3.725067e-02
3.723775e-02
3.722478e-02
3.721175e-02
3.719867e-02
3.718585e-02
3.717364e-02
3.716136e-02
3.714903e-02
3.713664e-02
3.712419e-02
3.711168e-02
3.709911e-02
3.708649e-02
3.707380e-02
3.706105e-02
3.704825e-02
3.703539e-02
3.702247e-02
3.700949e-02
3.699645e-02
3.698335e-02
3.697020e-02
3.695698e-02
3.694371e-02
3.693039e-02
3.691700e-02
3.690356e-02
3.689006e-02
3.687650e-02
3.686288e-02
3.684921e-02
3.683548e-02
3.682169e-02
3.680785e-02
3.679395e-02
3.677999e-02
3.676598e-02
3.675288e-02
3.673992e-02
3.672690e-02
3.671382e-02
3.670068e-02
3.668809e-02
3.667576e-02
3.666338e-02
3.665093e-02
3.663843e-02
3.662586e-02
3.661323e-02
3.660053e-02
3.658778e-02
3.657496e-02
3.656208e-02
3.654914e-02
3.653614e-02
3.652308e-02
3.650995e-02
3.649677e-02
3.648352e-02
3.647021e-02
3.645684e-02
3.644341e-02
3.642992e-02
3.641636e-02
3.640275e-02
3.638907e-02
3.637534e-02
3.636172e-02
3.634881e-02
3.633584e-02
3.632280e-02
3.630969e-02
3.629653e-02
3.628329e-02
3.626999e-02
3.625663e-02
3.624320e-02
3.622971e-02
3.621626e-02
3.620275e-02
3.618918e-02
3.617553e-02
3.616183e-02
3.614805e-02
3.613422e-02
3.612031e-02
3.610634e-02
3.609231e-02
3.607821e-02
3.606405e-02
3.604982e-02
3.603552e-02
3.602116e-02
3.600674e-02
3.599225e-02
3.597769e-02
3.596307e-02
3.594839e-02
3.593364e-02
3.591882e-02
3.590394e-02
3.588899e-02
3.587398e-02
3.585890e-02
3.584376e-02
3.582855e-02
3.581328e-02
3.579794e-02
3.578254e-02
3.576707e-02
3.575153e-02
3.573593e-02
3.572027e-02
3.570454e-02
3.568874e-02
3.567288e-02
3.565695e-02
3.564096e-02
3.562490e-02
3.560877e-02
3.559258e-02
3.557632e-02
3.556000e-02
3.554361e-02
3.552716e-02
3.551064e-02
3.549405e-02
3.547740e-02
3.546068e-02
3.544390e-02
3.542705e-02
3.541137e-02
3.539590e-02
3.538036e-02
3.536475e-02
3.534907e-02
3.533333e-02
3.531752e-02
3.530164e-02
3.528569e-02
3.526967e-02
3.525359e-02
3.523744e-02
3.522121e-02
3.520492e-02
3.518857e-02
3.517214e-02
3.515564e-02
3.513908e-02
3.512245e-02
3.510574e-02
3.508897e-02
3.507213e-02
3.505523e-02
3.503825e-02
3.502120e-02
3.500409e-02
3.498690e-02
3.496965e-02
3.495232e-02
3.493493e-02
3.491747e-02
3.489994e-02
3.488234e-02
3.486467e-02
3.484693e-02
3.482912e-02
3.481124e-02
3.479329e-02
3.477527e-02
3.475718e-02
3.473902e-02
3.472079e-02
3.470249e-02
3.468413e-02
3.466569e-02
3.464718e-02
3.462860e-02
3.461048e-02
3.459253e-02
3.457449e-02
3.455639e-02
3.453821e-02
3.451996e-02
3.450164e-02
3.448325e-02
3.446478e-02
3.444624e-02
3.442762e-02
3.440894e-02
3.439018e-02
3.437135e-02
3.435244e-02
3.433346e-02
3.431441e-02
3.429528e-02
3.427609e-02
3.425682e-02
3.423747e-02
3.421805e-02
3.419856e-02
3.417900e-02
3.415936e-02
3.413965e-02
3.411987e-02
3.410001e-02
3.408008e-02
3.406008e-02
3.404000e-02
3.401985e-02
3.399962e-02
3.397933e-02
3.395896e-02
3.393851e-02
3.391799e-02
3.389740e-02
3.387674e-02
3.385600e-02
3.383519e-02
3.381431e-02
3.379335e-02
3.377232e-02
3.375121e-02
3.373004e-02
3.370879e-02
3.368746e-02
3.366607e-02
3.364460e-02
3.362305e-02
3.360144e-02
3.357975e-02
3.355799e-02
3.353615e-02
3.351424e-02
3.349226e-02
3.347021e-02
3.344808e-02
3.342588e-02
3.340361e-02
3.338127e-02
3.335885e-02
3.333636e-02
3.331380e-02
3.329117e-02
3.326875e-02
3.324681e-02
3.322481e-02
3.320273e-02
3.318058e-02
3.315835e-02
3.313606e-02
3.311369e-02
3.309125e-02
3.306874e-02
3.304616e-02
3.302351e-02
3.300079e-02
3.297799e-02
3.295513e-02
3.293219e-02
3.290919e-02
3.288611e-02
3.286296e-02
3.283975e-02
3.281646e-02
3.279310e-02
3.276968e-02
3.274618e-02
3.272262e-02
3.269898e-02
3.267528e-02
3.265151e-02
3.262767e-02
3.260376e-02
3.257978e-02
3.255574e-02
3.253162e-02
3.250744e-02
3.248320e-02
3.245888e-02
3.243450e-02
3.241005e-02
3.238553e-02
3.236095e-02
3.233630e-02
3.231159e-02
3.228681e-02
3.226197e-02
3.223706e-02
3.221208e-02
3.218704e-02
3.216194e-02
3.213677e-02
3.211154e-02
3.208624e-02
3.206089e-02
3.203547e-02
3.200998e-02
3.198444e-02
3.195883e-02
3.193316e-02
3.190743e-02
3.188163e-02
3.185631e-02
3.183219e-02
3.180801e-02
3.178377e-02
3.175947e-02
3.173512e-02
3.171071e-02
3.168624e-02
3.166171e-02
3.163713e-02
3.161265e-02
3.158841e-02
3.156411e-02
3.153976e-02
3.151535e-02
3.149088e-02
3.146636e-02
3.144178e-02
3.141715e-02
3.139247e-02
3.136773e-02
3.134293e-02
3.131858e-02
3.129432e-02
3.127001e-02
3.124564e-02
3.122185e-02
3.119830e-02
3.117470e-02
3.115105e-02
3.112735e-02
3.110361e-02
3.107981e-02
3.105596e-02
3.103207e-02
3.100812e-02
3.098413e-02
3.096010e-02
3.093601e-02
3.091188e-02
3.088771e-02
3.086349e-02
3.083922e-02
3.081491e-02
3.079056e-02
3.076616e-02
3.074172e-02
3.071723e-02
3.069271e-02
3.066814e-02
3.064353e-02
3.061888e-02
3.059419e-02
3.056945e-02
3.054468e-02
3.051987e-02
3.049503e-02
3.047014e-02
3.044521e-02
3.042025e-02
3.039525e-02
3.037022e-02
3.034515e-02
3.032004e-02
3.029490e-02
3.026973e-02
3.024452e-02
3.021928e-02
3.019400e-02
3.016869e-02
3.014335e-02
3.011798e-02
3.009258e-02
3.006715e-02
3.004169e-02
3.001620e-02
2.999068e-02
2.996513e-02
2.993955e-02
2.991395e-02
2.988832e-02
2.986266e-02
2.983714e-02
2.981228e-02
2.978739e-02
2.976300e-02
2.973871e-02
2.971438e-02
2.969004e-02
2.966567e-02
2.964127e-02
2.961707e-02
2.959349e-02
2.957006e-02
2.954660e-02
2.952312e-02
2.949963e-02
2.947611e-02
2.945256e-02
2.942900e-02
2.940542e-02
2.938182e-02
2.935820e-02
2.933456e-02
2.931090e-02
2.928723e-02
2.926353e-02
2.923983e-02
2.921610e-02
2.919236e-02
2.916860e-02
2.914483e-02
2.912105e-02
2.909725e-02
2.907344e-02
2.904961e-02
2.902578e-02
2.900193e-02
2.897807e-02
2.895420e-02
2.893031e-02
2.890642e-02
2.888252e-02
2.885861e-02
2.883469e-02
2.881077e-02
2.878683e-02
2.876289e-02
2.873895e-02
2.871499e-02
2.869103e-02
2.866707e-02
2.864310e-02
2.861913e-02
2.859515e-02
2.857117e-02
2.854719e-02
2.852342e-02
2.850005e-02
2.847668e-02
2.845331e-02
2.842993e-02
2.840655e-02
2.838317e-02
2.835979e-02
2.833641e-02
2.831303e-02
2.828965e-02
2.826627e-02
2.824290e-02
2.821952e-02
2.819615e-02
2.817278e-02
2.814942e-02
2.812605e-02
2.810269e-02
2.807934e-02
2.805599e-02
2.803265e-02
2.800931e-02
2.798598e-02
2.796265e-02
2.793933e-02
2.791602e-02
2.789272e-02
2.786942e-02
2.784613e-02
2.782286e-02
2.779959e-02
2.777633e-02
2.775308e-02
2.772984e-02
2.770661e-02
2.768339e-02
2.766019e-02
2.763700e-02
2.761381e-02
2.759065e-02
2.756749e-02
2.754435e-02
2.752122e-02
2.749810e-02
2.747500e-02
2.745192e-02
2.742885e-02
2.740579e-02
2.738275e-02
2.735973e-02
2.733673e-02
2.731374e-02
2.729076e-02
2.726781e-02
2.724487e-02
2.722195e-02
2.719905e-02
2.717633e-02
2.715378e-02
2.713126e-02
2.710876e-02
2.708628e-02
2.706381e-02
2.704137e-02
2.701895e-02
2.699655e-02
2.697417e-02
2.695181e-02
2.692947e-02
2.690716e-02
2.688486e-02
2.686259e-02
2.684034e-02
2.681812e-02
2.679592e-02
2.677374e-02
2.675159e-02
2.672946e-02
2.670735e-02
2.668527e-02
2.666321e-02
2.664550e-02
2.662819e-02
2.661088e-02
2.659358e-02
2.657629e-02
2.655901e-02
2.654173e-02
2.652447e-02
2.650721e-02
2.648996e-02
2.647272e-02
2.645549e-02
2.643827e-02
2.642105e-02
2.640385e-02
2.638666e-02
2.636948e-02
2.635231e-02
2.633515e-02
2.631800e-02
2.630086e-02
2.628373e-02
2.626661e-02
2.624951e-02
2.623242e-02
2.621534e-02
2.619827e-02
2.618121e-02
2.616417e-02
2.614714e-02
2.613012e-02
2.611312e-02
2.609613e-02
2.607915e-02
2.606219e-02
2.604524e-02
2.602831e-02
2.601139e-02
2.599448e-02
2.597759e-02
2.596072e-02
2.594386e-02
2.592701e-02
2.591018e-02
2.589337e-02
2.587657e-02
2.585978e-02
2.584302e-02
2.582627e-02
2.580953e-02
2.579281e-02
2.577611e-02
2.575943e-02
2.574276e-02
2.572611e-02
2.570948e-02
2.569443e-02
2.567998e-02
2.566555e-02
2.565113e-02
2.563672e-02
2.562232e-02
2.560794e-02
2.559357e-02
2.557921e-02
2.556487e-02
2.555053e-02
2.553622e-02
2.552191e-02
2.550762e-02
2.549335e-02
2.547908e-02
2.546483e-02
2.545060e-02
2.543638e-02
2.542217e-02
2.540798e-02
2.539380e-02
2.537964e-02
2.536549e-02
2.535136e-02
2.533724e-02
2.532314e-02
2.530905e-02
2.529498e-02
2.528092e-02
2.526688e-02
2.525286e-02
2.523885e-02
2.522485e-02
2.521088e-02
2.519691e-02
2.518297e-02
2.516904e-02
2.515518e-02
2.514144e-02
2.512772e-02
2.511401e-02
2.510031e-02
2.508663e-02
2.507297e-02
2.505932e-02
2.504569e-02
2.503207e-02
2.501847e-02
2.500489e-02
2.499132e-02
2.497777e-02
2.496424e-02
2.495072e-02
2.493722e-02
2.492373e-02
2.491026e-02
2.489681e-02
2.488338e-02
2.486996e-02
2.485656e-02
2.484318e-02
2.482981e-02
2.481646e-02
2.480313e-02
2.478981e-02
2.477652e-02
2.476324e-02
2.474997e-02
2.473673e-02
2.472350e-02
2.471029e-02
2.469710e-02
2.468393e-02
2.467077e-02
2.465763e-02
2.464451e-02
2.463141e-02
2.461833e-02
2.460526e-02
2.459231e-02
2.457949e-02
2.456667e-02
2.455388e-02
2.454110e-02
2.452834e-02
2.451560e-02
2.450287e-02
2.449016e-02
2.447747e-02
2.446480e-02
2.445214e-02
2.443951e-02
2.442689e-02
2.441428e-02
2.440170e-02
2.438913e-02
2.437658e-02
2.436405e-02
2.435167e-02
2.433986e-02
2.432806e-02
2.431628e-02
2.430452e-02
2.429277e-02
2.428104e-02
2.426932e-02
2.425763e-02
2.424594e-02
2.423428e-02
2.422263e-02
2.421100e-02
2.419938e-02
2.418778e-02
2.417620e-02
2.416464e-02
2.415309e-02
2.414156e-02
2.413004e-02
2.411854e-02
2.410706e-02
2.409559e-02
2.408415e-02
2.407271e-02
2.406130e-02
2.404990e-02
2.403852e-02
2.402716e-02
2.401581e-02
2.400448e-02
2.399317e-02
2.398187e-02
2.397059e-02
2.395933e-02
2.394809e-02
2.393686e-02
2.392565e-02
2.391445e-02
2.390327e-02
2.389212e-02
2.388097e-02
2.386985e-02
2.385874e-02
2.384765e-02
2.383657e-02
2.382551e-02
2.381447e-02
2.380345e-02
2.379244e-02
2.378146e-02
2.377048e-02
2.375953e-02
2.374859e-02
2.373767e-02
2.372677e-02
2.371588e-02
2.370501e-02
2.369416e-02
2.368333e-02
2.367251e-02
2.366173e-02
2.365118e-02
2.364064e-02
2.363011e-02
2.361961e-02
2.360912e-02
2.359865e-02
2.358819e-02
2.357775e-02
2.356733e-02
2.355692e-02
2.354653e-02
2.353616e-02
2.352580e-02
2.351546e-02
2.350514e-02
2.349483e-02
2.348454e-02
2.347427e-02
2.346401e-02
2.345377e-02
2.344354e-02
2.343333e-02
2.342314e-02
2.341297e-02
2.340281e-02
2.339267e-02
2.338254e-02
2.337243e-02
2.336234e-02
2.335226e-02
2.334221e-02
2.333216e-02
2.332213e-02
2.331212e-02
2.330213e-02
2.329215e-02
2.328219e-02
2.327224e-02
2.326232e-02
2.325240e-02
2.324251e-02
2.323263e-02
2.322276e-02
2.321291e-02
2.320308e-02
2.319327e-02
2.318347e-02
2.317368e-02
2.316392e-02
2.315417e-02
2.314443e-02
2.313471e-02
2.312501e-02
2.311532e-02
2.310565e-02
2.309600e-02
2.308636e-02
2.307674e-02
2.306713e-02
2.305754e-02
2.304796e-02
2.303840e-02
2.302886e-02
2.301933e-02
2.300982e-02
2.300033e-02
2.299085e-02
2.298138e-02
2.297193e-02
2.296250e-02
2.295308e-02
2.294368e-02
2.293430e-02
2.292493e-02
2.291557e-02
2.290623e-02
2.289696e-02
2.288781e-02
2.287868e-02
2.286956e-02
2.286045e-02
2.285137e-02
2.284229e-02
2.283323e-02
2.282419e-02
2.281516e-02
2.280615e-02
2.279715e-02
2.278816e-02
2.277919e-02
2.277024e-02
2.276130e-02
2.275237e-02
2.274346e-02
2.273456e-02
2.272568e-02
2.271681e-02
2.270796e-02
2.269912e-02
2.269030e-02
2.268149e-02
2.267269e-02
2.266391e-02
2.265515e-02
2.264639e-02
2.263766e-02
2.262893e-02
2.262022e-02
2.261153e-02
2.260285e-02
2.259418e-02
2.258553e-02
2.257689e-02
2.256827e-02
2.255966e-02
2.255106e-02
2.254248e-02
2.253391e-02
2.252536e-02
2.251682e-02
2.250829e-02
2.249978e-02
2.249128e-02
2.248280e-02
2.247433e-02
2.246587e-02
2.245743e-02
2.244900e-02
2.244058e-02
2.243218e-02
2.242379e-02
2.241542e-02
2.240706e-02
2.239871e-02
2.239038e-02
2.238206e-02
2.237375e-02
2.236546e-02
2.235718e-02
2.234892e-02
2.234066e-02
2.233242e-02
2.232420e-02
2.231599e-02
2.230779e-02
2.229960e-02
2.229143e-02
2.228327e-02
2.227512e-02
2.226699e-02
2.225896e-02
2.225127e-02
2.224359e-02
2.223592e-02
2.222826e-02
2.222062e-02
2.221298e-02
2.220536e-02
2.219775e-02
2.219015e-02
2.218256e-02
2.217498e-02
2.216741e-02
2.215986e-02
2.215231e-02
2.214478e-02
2.213726e-02
2.212975e-02
2.212225e-02
2.211476e-02
2.210729e-02
2.209982e-02
2.209237e-02
2.208492e-02
2.207749e-02
2.207007e-02
2.206266e-02
2.205526e-02
2.204787e-02
2.204050e-02
2.203313e-02
2.202578e-02
2.201843e-02
2.201110e-02
2.200378e-02
2.199646e-02
2.198916e-02
2.198187e-02
2.197459e-02
2.196732e-02
2.196007e-02
2.195282e-02
2.194558e-02
2.193836e-02
2.193114e-02
2.192394e-02
2.191674e-02
2.190956e-02
2.190238e-02
2.189522e-02
2.188807e-02
2.188093e-02
2.187380e-02
2.186668e-02
2.185956e-02
2.185246e-02
2.184538e-02
2.183830e-02
2.183123e-02
2.182417e-02
2.181712e-02
2.181008e-02
2.180305e-02
2.179603e-02
2.178903e-02
2.178203e-02
2.177504e-02
2.176806e-02
2.176110e-02
2.175414e-02
2.174719e-02
2.174026e-02
2.173333e-02
2.172641e-02
2.171950e-02
2.171261e-02
2.170572e-02
2.169884e-02
2.169197e-02
2.168512e-02
2.167827e-02
2.167143e-02
2.166460e-02
2.165778e-02
2.165097e-02
2.164418e-02
2.163739e-02
2.163061e-02
2.162384e-02
2.161708e-02
2.161032e-02
2.160358e-02
2.159685e-02
2.159013e-02
2.158342e-02
2.157671e-02
2.157002e-02
2.156333e-02
2.155666e-02
2.154999e-02
2.154334e-02
2.153669e-02
2.153005e-02
2.152342e-02
2.151681e-02
2.151020e-02
2.150360e-02
2.149700e-02
2.149042e-02
2.148385e-02
2.147729e-02
2.147073e-02
2.146419e-02
2.145765e-02
2.145112e-02
2.144460e-02
2.143809e-02
2.143159e-02
2.142510e-02
2.141862e-02
2.141215e-02
2.140568e-02
2.139923e-02
2.139278e-02
2.138634e-02
2.137992e-02
2.137350e-02
2.136708e-02
2.136068e-02
2.135429e-02
2.134790e-02
2.134153e-02
2.133516e-02
2.132880e-02
2.132245e-02
2.131611e-02
2.130978e-02
2.130345e-02
2.129714e-02
2.129083e-02
2.128453e-02
2.127824e-02
2.127196e-02
2.126568e-02
2.125942e-02
2.125316e-02
2.124692e-02
2.124068e-02
2.123444e-02
2.122822e-02
2.122201e-02
2.121580e-02
2.120960e-02
2.120341e-02
2.119723e-02
2.119106e-02
2.118489e-02
2.117874e-02
2.117259e-02
2.116645e-02
2.116032e-02
2.115419e-02
2.114807e-02
2.114197e-02
2.113587e-02
2.112977e-02
2.112369e-02
2.111761e-02
2.111155e-02
2.110549e-02
2.109943e-02
2.109339e-02
2.108735e-02
2.108132e-02
2.107530e-02
2.106929e-02
2.106328e-02
2.105729e-02
2.105130e-02
2.104532e-02
2.103934e-02
2.103337e-02
2.102742e-02
2.102146e-02
2.101552e-02
2.100958e-02
2.100366e-02
2.099774e-02
2.099182e-02
2.098592e-02
2.098002e-02
2.097413e-02
2.096825e-02
2.096237e-02
2.095650e-02
2.095064e-02
2.094479e-02
2.093894e-02
2.093310e-02
2.092727e-02
2.092145e-02
2.091563e-02
2.090982e-02
2.090402e-02
2.089823e-02
2.089244e-02
2.088666e-02
2.088089e-02
2.087512e-02
2.086936e-02
2.086361e-02
2.085787e-02
2.085213e-02
2.084640e-02
2.084068e-02
2.083496e-02
2.082925e-02
2.082355e-02
2.081785e-02
2.081217e-02
2.080648e-02
2.080081e-02
2.079514e-02
2.078948e-02
2.078383e-02
2.077818e-02
2.077254e-02
2.076691e-02
2.076129e-02
2.075567e-02
2.075005e-02
2.074445e-02
2.073885e-02
2.073326e-02
2.072767e-02
2.072209e-02
2.071652e-02
2.071096e-02
2.070540e-02
2.069985e-02
2.069430e-02
2.068876e-02
2.068323e-02
2.067770e-02
2.067219e-02
2.066667e-02
2.066117e-02
2.065567e-02
2.065017e-02
2.064469e-02
2.063921e-02
2.063373e-02
2.062827e-02
2.062281e-02
2.061735e-02
2.061190e-02
2.060646e-02
2.060102e-02
2.059560e-02
2.059017e-02
2.058476e-02
2.057934e-02
2.057394e-02
2.056854e-02
2.056315e-02
2.055776e-02
2.055239e-02
2.054701e-02
2.054164e-02
2.053628e-02
2.053093e-02
2.052558e-02
2.052024e-02
2.051490e-02
2.050957e-02
2.050424e-02
2.049892e-02
2.049361e-02
2.048830e-02
2.048300e-02
2.047771e-02
2.047242e-02
2.046714e-02
2.046186e-02
2.045659e-02
2.045132e-02
2.044606e-02
2.044081e-02
2.043556e-02
2.043032e-02
2.042508e-02
2.041985e-02
2.041462e-02
2.040941e-02
2.040419e-02
2.039898e-02
2.039378e-02
2.038858e-02
2.038339e-02
2.037821e-02
2.037303e-02
2.036785e-02
2.036269e-02
2.035752e-02
2.035236e-02
2.034721e-02
2.034207e-02
2.033692e-02
2.033179e-02
2.032666e-02
2.032153e-02
2.031642e-02
2.031130e-02
2.030619e-02
2.030109e-02
2.029599e-02
2.029090e-02
2.028581e-02
2.028073e-02
2.027566e-02
2.027059e-02
2.026552e-02
2.026046e-02
2.025540e-02
2.025035e-02
2.024531e-02
2.024027e-02
2.023524e-02
2.023021e-02
2.022518e-02
2.022016e-02
2.021515e-02
2.021014e-02
2.020514e-02
2.020014e-02
2.019515e-02
2.019016e-02
2.018518e-02
2.018020e-02
2.017522e-02
2.017026e-02
2.016529e-02
2.016034e-02
2.015538e-02
2.015043e-02
2.014549e-02
2.014055e-02
2.013562e-02
2.013069e-02
2.012577e-02
2.012085e-02
2.011593e-02
2.011102e-02
2.010612e-02
2.010122e-02
2.009633e-02
2.009144e-02
2.008655e-02
2.008167e-02
2.007679e-02
2.007192e-02
2.006706e-02
2.006220e-02
2.005734e-02
2.005249e-02
2.004764e-02
2.004280e-02
2.003796e-02
2.003312e-02
2.002829e-02
2.002347e-02
2.001865e-02
2.001383e-02
2.000902e-02
2.000422e-02
1.999941e-02
1.999462e-02
1.998982e-02
1.998503e-02
1.998025e-02
1.997547e-02
1.997070e-02
1.996593e-02
1.996116e-02
1.995640e-02
1.995164e-02
1.994689e-02
1.994214e-02
1.993739e-02
1.993265e-02
1.992792e-02
1.992318e-02
1.991846e-02
1.991373e-02
1.990902e-02
1.990430e-02
1.989959e-02
1.989488e-02
1.989018e-02
1.988548e-02
1.988079e-02
1.987610e-02
1.987142e-02
1.986674e-02
1.986206e-02
1.985739e-02
1.985272e-02
1.984805e-02
1.984339e-02
1.983873e-02
1.983408e-02
1.982943e-02
1.982479e-02
1.982015e-02
1.981551e-02
1.981088e-02
1.980625e-02
1.980163e-02
1.979701e-02
1.979239e-02
1.978778e-02
1.978317e-02
1.977856e-02
1.977396e-02
1.976936e-02
1.976477e-02
1.976018e-02
1.975560e-02
1.975101e-02
1.974644e-02
1.974186e-02
1.973729e-02
1.973275e-02
1.972821e-02
1.972368e-02
1.971915e-02
1.971463e-02
1.971010e-02
1.970559e-02
1.970107e-02
1.969656e-02
1.969206e-02
1.968755e-02
1.968306e-02
1.967856e-02
1.967407e-02
1.966958e-02
1.966510e-02
1.966061e-02
1.965614e-02
1.965166e-02
1.964719e-02
1.964273e-02
1.963826e-02
1.963380e-02
1.962935e-02
1.962489e-02
1.962044e-02
1.961600e-02
1.961155e-02
1.960711e-02
1.960268e-02
1.959825e-02
1.959382e-02
1.958939e-02
1.958497e-02
1.958055e-02
1.957613e-02
1.957172e-02
1.956731e-02
1.956291e-02
1.955851e-02
1.955411e-02
1.954971e-02
1.954532e-02
1.954093e-02
1.953654e-02
1.953216e-02
1.952778e-02
1.952340e-02
1.951903e-02
1.951466e-02
1.951029e-02
1.950593e-02
1.950157e-02
1.949721e-02
1.949286e-02
1.948851e-02
1.948416e-02
1.947982e-02
1.947547e-02
1.947114e-02
1.946680e-02
1.946247e-02
1.945814e-02
1.945381e-02
1.944949e-02
1.944517e-02
1.944085e-02
1.943654e-02
1.943223e-02
1.942792e-02
1.942361e-02
1.941931e-02
1.941501e-02
1.941071e-02
1.940642e-02
1.940213e-02
1.939784e-02
1.939356e-02
1.938928e-02
1.938500e-02
1.938072e-02
1.937645e-02
1.937218e-02
1.936791e-02
1.936365e-02
1.935938e-02
1.935512e-02
1.935087e-02
1.934661e-02
1.934236e-02
1.933812e-02
1.933387e-02
1.932963e-02
1.932539e-02
1.932115e-02
1.931692e-02
1.931269e-02
1.930846e-02
1.930423e-02
1.930001e-02
1.929579e-02
1.929157e-02
1.928735e-02
1.928314e-02
1.927893e-02
1.927472e-02
1.927052e-02
1.926632e-02
1.926212e-02
1.925792e-02
1.925372e-02
1.924953e-02
1.924534e-02
1.924116e-02
1.923697e-02
1.923279e-02
1.922861e-02
1.922443e-02
1.922026e-02
1.921609e-02
1.921192e-02
1.920775e-02
1.920359e-02
1.919943e-02
1.919527e-02
1.919111e-02
1.918696e-02
1.918280e-02
1.917865e-02
1.917451e-02
1.917036e-02
1.916622e-02
1.916208e-02
1.915794e-02
1.915381e-02
1.914967e-02
1.914554e-02
1.914141e-02
1.913729e-02
1.913316e-02
1.912904e-02
1.912492e-02
1.912081e-02
1.911669e-02
1.911258e-02
1.910847e-02
1.910436e-02
1.910026e-02
1.909616e-02
1.909205e-02
1.908796e-02
1.908386e-02
1.907976e-02
1.907567e-02
1.907158e-02
1.906750e-02
1.906341e-02
1.905933e-02
1.905525e-02
1.905117e-02
1.904709e-02
1.904302e-02
1.903894e-02
1.903487e-02
1.903080e-02
1.902674e-02
1.902267e-02
1.901861e-02
1.901455e-02
1.901049e-02
1.900644e-02
1.900238e-02
1.899833e-02
1.899428e-02
1.899024e-02
1.898619e-02
1.898215e-02
1.897810e-02
1.897406e-02
1.897003e-02
1.896599e-02
1.896196e-02
1.895793e-02
1.895390e-02
1.894987e-02
1.894584e-02
1.894182e-02
1.893780e-02
1.893378e-02
1.892976e-02
1.892574e-02
1.892173e-02
1.891772e-02
1.891371e-02
1.890970e-02
1.890569e-02
1.890169e-02
1.889768e-02
1.889368e-02
1.888968e-02
1.888568e-02
1.888169e-02
1.887770e-02
1.887370e-02
1.886971e-02
1.886572e-02
1.886174e-02
1.885775e-02
1.885377e-02
1.884979e-02
1.884581e-02
1.884183e-02
1.883786e-02
1.883388e-02
1.882991e-02
1.882594e-02
1.882197e-02
1.881800e-02
1.881404e-02
1.881007e-02
1.880611e-02
1.880215e-02
1.879819e-02
1.879423e-02
1.879028e-02
1.878632e-02
1.878237e-02
1.877842e-02
1.877447e-02
1.877053e-02
1.876658e-02
1.876264e-02
1.875869e-02
1.875475e-02
1.875081e-02
1.874688e-02
1.874294e-02
1.873900e-02
1.873507e-02
1.873114e-02
1.872721e-02
1.872328e-02
1.871936e-02
1.871543e-02
1.871151e-02
1.870759e-02
1.870366e-02
1.869975e-02
1.869583e-02
1.869191e-02
1.868800e-02
1.868408e-02
1.868017e-02
1.867626e-02
1.867235e-02
1.866845e-02
1.866454e-02
1.866064e-02
1.865674e-02
1.865283e-02
1.864893e-02
1.864504e-02
1.864114e-02
1.863724e-02
1.863335e-02
1.862946e-02
1.862557e-02
1.862168e-02
1.861779e-02
1.861390e-02
1.861001e-02
1.860613e-02
1.860225e-02
1.859836e-02
1.859448e-02
1.859061e-02
1.858673e-02
1.858285e-02
1.857898e-02
1.857510e-02
1.857123e-02
1.856736e-02
1.856349e-02
1.855962e-02
1.855575e-02
1.855189e-02
1.854802e-02
1.854416e-02
1.854030e-02
1.853644e-02
1.853258e-02
1.852872e-02
1.852486e-02
1.852101e-02
1.851715e-02
1.851330e-02
1.850945e-02
1.850560e-02
1.850175e-02
1.849790e-02
1.849405e-02
1.849021e-02
1.848636e-02
1.848252e-02
1.847868e-02
1.847484e-02
1.847100e-02
1.846716e-02
1.846332e-02
1.845948e-02
1.845565e-02
1.845181e-02
1.844798e-02
1.844415e-02
1.844032e-02
1.843649e-02
1.843266e-02
1.842883e-02
1.842501e-02
1.842118e-02
1.841736e-02
1.841353e-02
1.840971e-02
1.840589e-02
1.840207e-02
1.839825e-02
1.839444e-02
1.839062e-02
1.838680e-02
1.838299e-02
1.837918e-02
1.837537e-02
1.837155e-02
1.836774e-02
1.836394e-02
1.836013e-02
1.835632e-02
1.835252e-02
1.834871e-02
1.834491e-02
1.834110e-02
1.833730e-02
1.833350e-02
1.832970e-02
1.832590e-02
1.832210e-02
1.831831e-02
1.831451e-02
1.831072e-02
1.830692e-02
1.830313e-02
1.829934e-02
1.829555e-02
1.829176e-02
1.828797e-02
1.828418e-02
1.828039e-02
1.827661e-02
1.827282e-02
1.826904e-02
1.826525e-02
1.826147e-02
1.825769e-02
1.825391e-02
1.825013e-02
1.824635e-02
1.824257e-02
1.823880e-02
1.823502e-02
1.823124e-02
1.822747e-02
1.822370e-02
1.821992e-02
1.821615e-02
1.821238e-02
1.820861e-02
1.820484e-02
1.820107e-02
1.819731e-02
1.819354e-02
1.818977e-02
1.818601e-02
1.818225e-02
1.817848e-02
1.817472e-02
1.817096e-02
1.816720e-02
1.816344e-02
1.815968e-02
1.815592e-02
1.815216e-02
1.814841e-02
1.814465e-02
1.814089e-02
1.813714e-02
1.813339e-02
1.812963e-02
1.812588e-02
1.812213e-02
1.811838e-02
1.811463e-02
1.811088e-02
1.810713e-02
1.810339e-02
1.809964e-02
1.809589e-02
1.809215e-02
1.808840e-02
1.808466e-02
1.808092e-02
1.807718e-02
1.807343e-02
1.806969e-02
1.806595e-02
1.806222e-02
1.805848e-02
1.805474e-02
1.805100e-02
1.804727e-02
1.804353e-02
1.803979e-02
1.803606e-02
1.803233e-02
1.802859e-02
1.802486e-02
1.802113e-02
1.801740e-02
1.801367e-02
1.800994e-02
1.800621e-02
1.800248e-02
1.799876e-02
1.799503e-02
1.799130e-02
1.798758e-02
1.798385e-02
1.798013e-02
1.797640e-02
1.797268e-02
1.796896e-02
1.796524e-02
1.796152e-02
1.795780e-02
1.795408e-02
1.795036e-02
1.794664e-02
1.794292e-02
1.793920e-02
1.793549e-02
1.793177e-02
1.792806e-02
1.792434e-02
1.792063e-02
1.791691e-02
1.791320e-02
1.790949e-02
1.790578e-02
1.790207e-02
1.789835e-02
1.789464e-02
1.789094e-02
1.788723e-02
1.788352e-02
1.787981e-02
1.787610e-02
1.787240e-02
1.786869e-02
1.786499e-02
1.786128e-02
1.785758e-02
1.785387e-02
1.785017e-02
1.784647e-02
1.784276e-02
1.783906e-02
1.783536e-02
1.783166e-02
1.782796e-02
1.782426e-02
1.782056e-02
1.781686e-02
1.781317e-02
1.780947e-02
1.780577e-02
1.780208e-02
1.779838e-02
1.779469e-02
1.779099e-02
1.778730e-02
1.778360e-02
1.777991e-02
1.777622e-02
1.777252e-02
1.776883e-02
1.776514e-02
1.776145e-02
1.775776e-02
1.775407e-02
1.775038e-02
1.774669e-02
1.774300e-02
1.773932e-02
1.773563e-02
1.773194e-02
1.772826e-02
1.772457e-02
1.772088e-02
1.771720e-02
1.771352e-02
1.770983e-02
1.770615e-02
1.770246e-02
1.769878e-02
1.769510e-02
1.769142e-02
1.768774e-02
1.768406e-02
1.768038e-02
1.767670e-02
1.767302e-02
1.766934e-02
1.766566e-02
1.766198e-02
1.765830e-02
1.765462e-02
1.765095e-02
1.764727e-02
1.764359e-02
1.763992e-02
1.763624e-02
1.763257e-02
1.762889e-02
1.762522e-02
1.762155e-02
1.761787e-02
1.761420e-02
1.761053e-02
1.760686e-02
1.760319e-02
1.759951e-02
1.759584e-02
1.759217e-02
1.758850e-02
1.758483e-02
1.758116e-02
1.757750e-02
1.757383e-02
1.757016e-02
1.756649e-02
1.756282e-02
1.755916e-02
1.755549e-02
1.755182e-02
1.754816e-02
1.754449e-02
1.754083e-02
1.753716e-02
1.753350e-02
1.752984e-02
1.752617e-02
1.752251e-02
1.751885e-02
1.751518e-02
1.751152e-02
1.750786e-02
1.750420e-02
1.750054e-02
1.749688e-02
1.749322e-02
1.748956e-02
1.748590e-02
1.748224e-02
1.747858e-02
1.747492e-02
1.747126e-02
1.746761e-02
1.746395e-02
1.746029e-02
1.745663e-02
1.745298e-02
1.744932e-02
1.744567e-02
1.744201e-02
1.743836e-02
1.743470e-02
1.743105e-02
1.742739e-02
1.742374e-02
1.742009e-02
1.741643e-02
1.741278e-02
1.740913e-02
1.740547e-02
1.740182e-02
1.739817e-02
1.739452e-02
1.739087e-02
1.738722e-02
1.738357e-02
1.737992e-02
1.737627e-02
1.737262e-02
1.736897e-02
1.736532e-02
1.736167e-02
1.735802e-02
1.735438e-02
1.735073e-02
1.734708e-02
1.734344e-02
1.733979e-02
1.733614e-02
1.733250e-02
1.732885e-02
1.732520e-02
1.732156e-02
1.731791e-02
1.731427e-02
1.731063e-02
1.730698e-02
1.730334e-02
1.729969e-02
1.729605e-02
1.729241e-02
1.728877e-02
1.728512e-02
1.728148e-02
1.727784e-02
1.727420e-02
1.727056e-02
1.726692e-02
1.726328e-02
1.725964e-02
1.725600e-02
1.725236e-02
1.724872e-02
1.724508e-02
1.724144e-02
1.723780e-02
1.723416e-02
1.723052e-02
1.722688e-02
1.722325e-02
1.721961e-02
1.721597e-02
1.721233e-02
1.720870e-02
1.720506e-02
1.720143e-02
1.719779e-02
1.719415e-02
1.719052e-02
1.718688e-02
1.718325e-02
1.717961e-02
1.717598e-02
1.717235e-02
1.716871e-02
1.716508e-02
1.716144e-02
1.715781e-02
1.715418e-02
1.715055e-02
1.714691e-02
1.714328e-02
1.713965e-02
1.713602e-02
1.713239e-02
1.712876e-02
1.712512e-02
1.712149e-02
1.711786e-02
1.711423e-02
1.711060e-02
1.710697e-02
1.710334e-02
1.709972e-02
1.709609e-02
1.709246e-02
1.708883e-02
1.708520e-02
1.708157e-02
1.707794e-02
1.707432e-02
1.707069e-02
1.706706e-02
1.706344e-02
1.705981e-02
1.705618e-02
1.705256e-02
1.704893e-02
1.704530e-02
1.704168e-02
1.703805e-02
1.703443e-02
1.703080e-02
1.702718e-02
1.702355e-02
1.701993e-02
1.701631e-02
1.701268e-02
1.700906e-02
1.700544e-02
1.700181e-02
1.699819e-02
1.699457e-02
1.699094e-02
1.698732e-02
1.698370e-02
1.698008e-02
1.697646e-02
1.697284e-02
1.696921e-02
1.696559e-02
1.696197e-02
1.695835e-02
1.695473e-02
1.695111e-02
1.694749e-02
1.694387e-02
1.694025e-02
1.693663e-02
1.693301e-02
1.692940e-02
1.692578e-02
1.692216e-02
1.691854e-02
1.691492e-02
1.691130e-02
1.690769e-02
1.690407e-02
1.690045e-02
1.689684e-02
1.689322e-02
1.688960e-02
1.688599e-02
1.688237e-02
1.687875e-02
1.687514e-02
1.687152e-02
1.686791e-02
1.686429e-02
1.686068e-02
1.685706e-02
1.685345e-02
1.684983e-02
1.684622e-02
1.684261e-02
1.683899e-02
1.683538e-02
1.683177e-02
1.682815e-02
1.682454e-02
1.682093e-02
1.681731e-02
1.681370e-02
1.681009e-02
1.680648e-02
1.680287e-02
1.679925e-02
1.679564e-02
1.679203e-02
1.678842e-02
1.678481e-02
1.678120e-02
1.677759e-02
1.677398e-02
1.677037e-02
1.676676e-02
1.676315e-02
1.675954e-02
1.675593e-02
1.675232e-02
1.674871e-02
1.674511e-02
1.674150e-02
1.673789e-02
1.673428e-02
1.673067e-02
1.672707e-02
1.672346e-02
1.671985e-02
1.671624e-02
1.671264e-02
1.670903e-02
1.670542e-02
1.670182e-02
1.669821e-02
1.669461e-02
1.669100e-02
1.668739e-02
1.668379e-02
1.668018e-02
1.667658e-02
1.667297e-02
1.666937e-02
1.666576e-02
1.666216e-02
1.665856e-02
1.665495e-02
1.665135e-02
1.664775e-02
1.664414e-02
1.664054e-02
1.663694e-02
1.663333e-02
1.662973e-02
1.662613e-02
1.662253e-02
1.661893e-02
1.661532e-02
1.661172e-02
1.660812e-02
1.660452e-02
1.660092e-02
1.659732e-02
1.659372e-02
1.659012e-02
1.658652e-02
1.658292e-02
1.657932e-02
1.657572e-02
1.657212e-02
1.656852e-02
1.656492e-02
1.656132e-02
1.655772e-02
1.655412e-02
1.655052e-02
1.654693e-02
1.654333e-02
1.653973e-02
1.653613e-02
1.653254e-02
1.652894e-02
1.652534e-02
1.652174e-02
1.651815e-02
1.651455e-02
1.651096e-02
1.650736e-02
1.650376e-02
1.650017e-02
1.649657e-02
1.649298e-02
1.648938e-02
1.648579e-02
1.648219e-02
1.647860e-02
1.647500e-02
1.647141e-02
1.646781e-02
1.646422e-02
1.646063e-02
1.645703e-02
1.645344e-02
1.644985e-02
1.644625e-02
1.644266e-02
1.643907e-02
1.643548e-02
1.643189e-02
1.642829e-02
1.642470e-02
1.642111e-02
1.641752e-02
1.641393e-02
1.641034e-02
1.640675e-02
1.640316e-02
1.639956e-02
1.639597e-02
1.639238e-02
1.638879e-02
1.638520e-02
1.638162e-02
1.637803e-02
1.637444e-02
1.637085e-02
1.636726e-02
1.636367e-02
1.636008e-02
1.635649e-02
1.635291e-02
1.634932e-02
1.634573e-02
1.634214e-02
1.633856e-02
1.633497e-02
1.633138e-02
1.632780e-02
1.632421e-02
1.632062e-02
1.631704e-02
1.631345e-02
1.630987e-02
1.630628e-02
1.630270e-02
1.629911e-02
1.629553e-02
1.629194e-02
1.628836e-02
1.628477e-02
1.628119e-02
1.627760e-02
1.627402e-02
1.627044e-02
1.626685e-02
1.626327e-02
1.625969e-02
1.625611e-02
1.625252e-02
1.624894e-02
1.624536e-02
1.624178e-02
1.623819e-02
1.623461e-02
1.623103e-02
1.622745e-02
1.622387e-02
1.622029e-02
1.621671e-02
1.621313e-02
1.620955e-02
1.620597e-02
1.620239e-02
1.619881e-02
1.619523e-02
1.619165e-02
1.618807e-02
1.618449e-02
1.618091e-02
1.617734e-02
1.617376e-02
1.617018e-02
1.616660e-02
1.616302e-02
1.615945e-02
1.615587e-02
1.615229e-02
1.614872e-02
1.614514e-02
1.614156e-02
1.613799e-02
1.613441e-02
1.613084e-02
1.612726e-02
1.612368e-02
1.612011e-02
1.611653e-02
1.611296e-02
1.610939e-02
1.610581e-02
1.610224e-02
1.609866e-02
1.609509e-02
1.609152e-02
1.608794e-02
1.608437e-02
1.608080e-02
1.607722e-02
1.607365e-02
1.607008e-02
1.606651e-02
1.606294e-02
1.605936e-02
1.605579e-02
1.605222e-02
1.604865e-02
1.604508e-02
1.604151e-02
1.603794e-02
1.603437e-02
1.603080e-02
1.602723e-02
1.602366e-02
1.602009e-02
1.601652e-02
1.601295e-02
1.600938e-02
1.600582e-02
1.600225e-02
1.599868e-02
1.599511e-02
1.599154e-02
1.598798e-02
1.598441e-02
1.598084e-02
1.597728e-02
1.597371e-02
1.597014e-02
1.596658e-02
1.596301e-02
1.595945e-02
1.595588e-02
1.595232e-02
1.594875e-02
1.594519e-02
1.594162e-02
1.593806e-02
1.593449e-02
1.593093e-02
1.592736e-02
1.592380e-02
1.592024e-02
1.591668e-02
1.591311e-02
1.590955e-02
1.590599e-02
1.590243e-02
1.589886e-02
1.589530e-02
1.589174e-02
1.588818e-02
1.588462e-02
1.588106e-02
1.587750e-02
1.587394e-02
1.587038e-02
1.586682e-02
1.586326e-02
1.585970e-02
1.585614e-02
1.585258e-02
1.584902e-02
1.584546e-02
1.584190e-02
1.583835e-02
1.583479e-02
1.583123e-02
1.582767e-02
1.582412e-02
1.582056e-02
1.581700e-02
1.581345e-02
1.580989e-02
1.580633e-02
1.580278e-02
1.579922e-02
1.579567e-02
1.579211e-02
1.578856e-02
1.578500e-02
1.578145e-02
1.577789e-02
1.577434e-02
1.577079e-02
1.576723e-02
1.576368e-02
1.576013e-02
1.575657e-02
1.575302e-02
1.574947e-02
1.574592e-02
1.574237e-02
1.573881e-02
1.573526e-02
1.573171e-02
1.572816e-02
1.572461e-02
1.572106e-02
1.571751e-02
1.571396e-02
1.571041e-02
1.570686e-02
1.570331e-02
1.569976e-02
1.569621e-02
1.569267e-02
1.568912e-02
1.568557e-02
1.568202e-02
1.567848e-02
1.567493e-02
1.567138e-02
1.566783e-02
1.566429e-02
1.566074e-02
1.565720e-02
1.565365e-02
1.565010e-02
1.564656e-02
1.564301e-02
1.563947e-02
1.563593e-02
1.563238e-02
1.562884e-02
1.562529e-02
1.562175e-02
1.561821e-02
1.561466e-02
1.561112e-02
1.560758e-02
1.560404e-02
1.560049e-02
1.559695e-02
1.559341e-02
1.558987e-02
1.558633e-02
1.558279e-02
1.557925e-02
1.557571e-02
1.557217e-02
1.556863e-02
1.556509e-02
1.556155e-02
1.555801e-02
1.555447e-02
1.555093e-02
1.554740e-02
1.554386e-02
1.554032e-02
1.553678e-02
1.553325e-02
1.552971e-02
1.552617e-02
1.552264e-02
1.551910e-02
1.551556e-02
1.551203e-02
1.550849e-02
1.550496e-02
1.550142e-02
1.549789e-02
1.549436e-02
1.549082e-02
1.548729e-02
1.548375e-02
1.548022e-02
1.547669e-02
1.547316e-02
1.546962e-02
1.546609e-02
1.546256e-02
1.545903e-02
1.545550e-02
1.545197e-02
1.544844e-02
1.544491e-02
1.544138e-02
1.543785e-02
1.543432e-02
1.543079e-02
1.542726e-02
1.542373e-02
1.542020e-02
1.541667e-02
1.541314e-02
1.540962e-02
1.540609e-02
1.540256e-02
1.539903e-02
1.539551e-02
1.539198e-02
1.538846e-02
1.538493e-02
1.538140e-02
1.537788e-02
1.537435e-02
1.537083e-02
1.536731e-02
1.536378e-02
1.536026e-02
1.535673e-02
1.535321e-02
1.534969e-02
1.534617e-02
1.534264e-02
1.533912e-02
1.533560e-02
1.533208e-02
1.532856e-02
1.532503e-02
1.532151e-02
1.531799e-02
1.531447e-02
1.531095e-02
1.530743e-02
1.530392e-02
1.530040e-02
1.529688e-02
1.529336e-02
1.528984e-02
1.528632e-02
1.528281e-02
1.527929e-02
1.527577e-02
1.527225e-02
1.526874e-02
1.526522e-02
1.526171e-02
1.525819e-02
1.525468e-02
1.525116e-02
1.524765e-02
1.524414e-02
1.524063e-02
1.523713e-02
1.523363e-02
1.523013e-02
1.522663e-02
1.522313e-02
1.521963e-02
1.521613e-02
1.521263e-02
1.520913e-02
1.520563e-02
1.520213e-02
1.519863e-02
1.519513e-02
1.519163e-02
1.518813e-02
1.518463e-02
1.518114e-02
1.517764e-02
1.517414e-02
1.517065e-02
1.516715e-02
1.516365e-02
1.516016e-02
1.515666e-02
1.515317e-02
1.514967e-02
1.514618e-02
1.514268e-02
1.513919e-02
1.513570e-02
1.513220e-02
1.512871e-02
1.512522e-02
1.512173e-02
1.511823e-02
1.511474e-02
1.511125e-02
1.510776e-02
1.510427e-02
1.510078e-02
1.509729e-02
1.509380e-02
1.509031e-02
1.508682e-02
1.508333e-02
1.507984e-02
1.507635e-02
1.507286e-02
1.506938e-02
1.506589e-02
1.506240e-02
1.505892e-02
1.505543e-02
1.505194e-02
1.504846e-02
1.504497e-02
1.504149e-02
1.503800e-02
1.503452e-02
1.503103e-02
1.502755e-02
1.502406e-02
1.502058e-02
1.501710e-02
1.501362e-02
1.501013e-02
1.500665e-02
1.500317e-02
1.499969e-02
1.499621e-02
1.499273e-02
1.498924e-02
1.498576e-02
1.498228e-02
1.497881e-02
1.497533e-02
1.497185e-02
1.496837e-02
1.496489e-02
1.496141e-02
1.495793e-02
1.495446e-02
1.495098e-02
1.494750e-02
1.494403e-02
1.494055e-02
1.493708e-02
1.493360e-02
1.493013e-02
1.492665e-02
1.492318e-02
1.491970e-02
1.491623e-02
1.491275e-02
1.490928e-02
1.490581e-02
1.490234e-02
1.489886e-02
1.489539e-02
1.489192e-02
1.488845e-02
1.488498e-02
1.488151e-02
1.487804e-02
1.487457e-02
1.487110e-02
1.486763e-02
1.486416e-02
1.486069e-02
1.485723e-02
1.485376e-02
1.485029e-02
1.484682e-02
1.484336e-02
1.483989e-02
1.483642e-02
1.483296e-02
1.482949e-02
1.482603e-02
1.482256e-02
1.481910e-02
1.481563e-02
1.481217e-02
1.480871e-02
1.480524e-02
1.480178e-02
1.479832e-02
1.479486e-02
1.479140e-02
1.478793e-02
1.478447e-02
1.478101e-02
1.477755e-02
1.477409e-02
1.477063e-02
1.476717e-02
1.476372e-02
1.476026e-02
1.475680e-02
1.475334e-02
1.474988e-02
1.474643e-02
1.474297e-02
1.473951e-02
1.473606e-02
1.473260e-02
1.472915e-02
1.472569e-02
1.472224e-02
1.471878e-02
1.471533e-02
1.471187e-02
1.470842e-02
1.470497e-02
1.470151e-02
1.469806e-02
1.469461e-02
1.469116e-02
1.468771e-02
1.468426e-02
1.468081e-02
1.467736e-02
1.467391e-02
1.467046e-02
1.466701e-02
1.466356e-02
1.466011e-02
1.465666e-02
1.465322e-02
1.464977e-02
1.464632e-02
1.464287e-02
1.463943e-02
1.463598e-02
1.463254e-02
1.462909e-02
1.462565e-02
1.462220e-02
1.461876e-02
1.461532e-02
1.461187e-02
1.460843e-02
1.460499e-02
1.460154e-02
1.459810e-02
1.459466e-02
1.459122e-02
1.458778e-02
1.458434e-02
1.458090e-02
1.457746e-02
1.457402e-02
1.457058e-02
1.456714e-02
1.456370e-02
1.456027e-02
1.455683e-02
1.455339e-02
1.454996e-02
1.454652e-02
1.454308e-02
1.453965e-02
1.453621e-02
1.453278e-02
1.452934e-02
1.452591e-02
1.452248e-02
1.451904e-02
1.451561e-02
1.451218e-02
1.450874e-02
1.450531e-02
1.450188e-02
1.449845e-02
1.449502e-02
1.449159e-02
1.448816e-02
1.448473e-02
1.448130e-02
1.447787e-02
1.447444e-02
1.447101e-02
1.446759e-02
1.446416e-02
1.446073e-02
1.445731e-02
1.445388e-02
1.445045e-02
1.444703e-02
1.444360e-02
1.444018e-02
1.443675e-02
1.443333e-02
1.442991e-02
1.442648e-02
1.442306e-02
1.441964e-02
1.441622e-02
1.441280e-02
1.440937e-02
1.440595e-02
1.440253e-02
1.439911e-02
1.439569e-02
1.439227e-02
1.438885e-02
1.438544e-02
1.438202e-02
1.437860e-02
1.437518e-02
1.437177e-02
1.436835e-02
1.436493e-02
1.436152e-02
1.435810e-02
1.435469e-02
1.435127e-02
1.434786e-02
1.434444e-02
1.434103e-02
1.433762e-02
1.433421e-02
1.433079e-02
1.432738e-02
1.432397e-02
1.432056e-02
1.431715e-02
1.431374e-02
1.431033e-02
1.430692e-02
1.430351e-02
1.430010e-02
1.429669e-02
1.429328e-02
1.428988e-02
1.428647e-02
1.428306e-02
1.427966e-02
1.427625e-02
1.427285e-02
1.426944e-02
1.426604e-02
1.426263e-02
1.425923e-02
1.425582e-02
1.425242e-02
1.424902e-02
1.424562e-02
1.424221e-02
1.423881e-02
1.423541e-02
1.423201e-02
1.422861e-02
1.422521e-02
1.422181e-02
1.421841e-02
1.421501e-02
1.421162e-02
1.420822e-02
1.420482e-02
1.420142e-02
1.419803e-02
1.419463e-02
1.419123e-02
1.418784e-02
1.418444e-02
1.418105e-02
1.417766e-02
1.417426e-02
1.417087e-02
1.416748e-02
1.416408e-02
1.416069e-02
1.415730e-02
1.415391e-02
1.415052e-02
1.414713e-02
1.414374e-02
1.414035e-02
1.413696e-02
1.413357e-02
1.413018e-02
1.412679e-02
1.412340e-02
1.412002e-02
1.411663e-02
1.411324e-02
1.410986e-02
1.410647e-02
1.410309e-02
1.409970e-02
1.409632e-02
1.409294e-02
1.408955e-02
1.408617e-02
1.408279e-02
1.407940e-02
1.407602e-02
1.407264e-02
1.406926e-02
1.406588e-02
1.406250e-02
1.405912e-02
1.405574e-02
1.405236e-02
1.404898e-02
1.404561e-02
1.404223e-02
1.403885e-02
1.403547e-02
1.403210e-02
1.402872e-02
1.402535e-02
1.402197e-02
1.401860e-02
1.401522e-02
1.401185e-02
1.400848e-02
1.400510e-02
1.400173e-02
1.399836e-02
1.399499e-02
1.399162e-02
1.398825e-02
1.398488e-02
1.398151e-02
1.397814e-02
1.397477e-02
1.397140e-02
1.396803e-02
1.396466e-02
1.396130e-02
1.395793e-02
1.395456e-02
1.395120e-02
1.394783e-02
1.394447e-02
1.394110e-02
1.393774e-02
1.393437e-02
1.393101e-02
1.392765e-02
1.392428e-02
1.392092e-02
1.391756e-02
1.391420e-02
1.391084e-02
1.390748e-02
1.390412e-02
1.390076e-02
1.389740e-02
1.389404e-02
1.389068e-02
1.388733e-02
1.388397e-02
1.388061e-02
1.387726e-02
1.387390e-02
1.387054e-02
1.386719e-02
1.386383e-02
1.386048e-02
1.385713e-02
1.385377e-02
1.385042e-02
1.384707e-02
1.384372e-02
1.384036e-02
1.383701e-02
1.383366e-02
1.383031e-02
1.382696e-02
1.382361e-02
1.382026e-02
1.381692e-02
1.381357e-02
1.381022e-02
1.380687e-02
1.380353e-02
1.380018e-02
1.379683e-02
1.379349e-02
1.379014e-02
1.378680e-02
1.378346e-02
1.378011e-02
1.377677e-02
1.377343e-02
1.377008e-02
1.376674e-02
1.376340e-02
1.376006e-02
1.375672e-02
1.375338e-02
1.375004e-02
1.374670e-02
1.374336e-02
1.374003e-02
1.373669e-02
1.373335e-02
1.373001e-02
1.372668e-02
1.372334e-02
1.372001e-02
1.371667e-02
1.371334e-02
1.371000e-02
1.370667e-02
1.370334e-02
1.370000e-02
1.369667e-02
1.369334e-02
1.369001e-02
1.368668e-02
1.368335e-02
1.368002e-02
1.367669e-02
1.367336e-02
1.367003e-02
1.366670e-02
1.366337e-02
1.366005e-02
1.365672e-02
1.365339e-02
1.365007e-02
1.364674e-02
1.364342e-02
1.364009e-02
1.363677e-02
1.363345e-02
1.363012e-02
1.362680e-02
1.362348e-02
1.362016e-02
1.361683e-02
1.361351e-02
1.361019e-02
1.360687e-02
1.360355e-02
1.360024e-02
1.359692e-02
1.359360e-02
1.359028e-02
1.358696e-02
1.358365e-02
1.358033e-02
1.357702e-02
1.357370e-02
1.357039e-02
1.356707e-02
1.356376e-02
1.356044e-02
1.355713e-02
1.355382e-02
1.355051e-02
1.354720e-02
1.354388e-02
1.354057e-02
1.353726e-02
1.353395e-02
1.353065e-02
1.352734e-02
1.352403e-02
1.352072e-02
1.351741e-02
1.351411e-02
1.351080e-02
1.350749e-02
1.350419e-02
1.350088e-02
1.349758e-02
1.349428e-02
1.349097e-02
1.348767e-02
1.348437e-02
1.348107e-02
1.347776e-02
1.347446e-02
1.347116e-02
1.346786e-02
1.346456e-02
1.346126e-02
1.345796e-02
1.345467e-02
1.345137e-02
1.344807e-02
1.344477e-02
1.344148e-02
1.343818e-02
1.343489e-02
1.343159e-02
1.342830e-02
1.342500e-02
1.342171e-02
1.341842e-02
1.341512e-02
1.341183e-02
1.340854e-02
1.340525e-02
1.340196e-02
1.339867e-02
1.339538e-02
1.339209e-02
1.338880e-02
1.338551e-02
1.338223e-02
1.337894e-02
1.337565e-02
1.337237e-02
1.336908e-02
1.336579e-02
1.336251e-02
1.335922e-02
1.335594e-02
1.335266e-02
1.334937e-02
1.334609e-02
1.334281e-02
1.333953e-02
1.333625e-02
1.333297e-02
1.332969e-02
1.332641e-02
1.332313e-02
1.331985e-02
1.331657e-02
1.331329e-02
1.331002e-02
1.330674e-02
1.330347e-02
1.330019e-02
1.329691e-02
1.329364e-02
1.329037e-02
1.328709e-02
1.328382e-02
1.328055e-02
1.327727e-02
1.327400e-02
1.327073e-02
1.326746e-02
1.326419e-02
1.326092e-02
1.325765e-02
1.325438e-02
1.325111e-02
1.324785e-02
1.324458e-02
1.324131e-02
1.323805e-02
1.323478e-02
1.323151e-02
1.322825e-02
1.322499e-02
1.322172e-02
1.321846e-02
1.321520e-02
1.321193e-02
1.320867e-02
1.320541e-02
1.320215e-02
1.319889e-02
1.319563e-02
1.319237e-02
1.318911e-02
1.318585e-02
1.318259e-02
1.317934e-02
1.317608e-02
1.317282e-02
1.316957e-02
1.316631e-02
1.316306e-02
1.315980e-02
1.315655e-02
1.315330e-02
1.315004e-02
1.314679e-02
1.314354e-02
1.314029e-02
1.313704e-02
1.313379e-02
1.313054e-02
1.312729e-02
1.312404e-02
1.312079e-02
1.311754e-02
1.311429e-02
1.311105e-02
1.310780e-02
1.310455e-02
1.310131e-02
1.309806e-02
1.309482e-02
1.309158e-02
1.308833e-02
1.308509e-02
1.308185e-02
1.307861e-02
1.307536e-02
1.307212e-02
1.306888e-02
1.306564e-02
1.306240e-02
1.305916e-02
1.305593e-02
1.305269e-02
1.304945e-02
1.304621e-02
1.304298e-02
1.303974e-02
1.303651e-02
1.303327e-02
1.303004e-02
1.302680e-02
1.302357e-02
1.302034e-02
1.301711e-02
1.301387e-02
1.301064e-02
1.300741e-02
1.300418e-02
1.300095e-02
1.299772e-02
1.299449e-02
1.299127e-02
1.298804e-02
1.298481e-02
1.298158e-02
1.297836e-02
1.297513e-02
1.297191e-02
1.296868e-02
1.296546e-02
1.296223e-02
1.295901e-02
1.295579e-02
1.295257e-02
1.294934e-02
1.294612e-02
1.294290e-02
1.293968e-02
1.293646e-02
1.293324e-02
1.293003e-02
1.292681e-02
1.292359e-02
1.292037e-02
1.291716e-02
1.291394e-02
1.291073e-02
1.290751e-02
1.290430e-02
1.290108e-02
1.289787e-02
1.289466e-02
1.289144e-02
1.288823e-02
1.288502e-02
1.288181e-02
1.287860e-02
1.287539e-02
1.287221e-02
1.286902e-02
1.286584e-02
1.286265e-02
1.285947e-02
1.285629e-02
1.285310e-02
1.284992e-02
1.284674e-02
1.284356e-02
1.284038e-02
1.283720e-02
1.283402e-02
1.283084e-02
1.282766e-02
1.282448e-02
1.282131e-02
1.281813e-02
1.281495e-02
1.281178e-02
1.280860e-02
1.280543e-02
1.280225e-02
1.279908e-02
1.279591e-02
1.279273e-02
1.278956e-02
1.278639e-02
1.278322e-02
1.278005e-02
1.277688e-02
1.277371e-02
1.277054e-02
1.276737e-02
1.276420e-02
1.276103e-02
1.275787e-02
1.275470e-02
1.275153e-02
1.274837e-02
1.274520e-02
1.274204e-02
1.273887e-02
1.273571e-02
1.273255e-02
1.272938e-02
1.272622e-02
1.272306e-02
1.271990e-02
1.271674e-02
1.271358e-02
1.271042e-02
1.270726e-02
1.270410e-02
1.270094e-02
1.269779e-02
1.269463e-02
1.269147e-02
1.268832e-02
1.268516e-02
1.268201e-02
1.267885e-02
1.267570e-02
1.267254e-02
1.266939e-02
1.266624e-02
1.266309e-02
1.265994e-02
1.265679e-02
1.265364e-02
1.265049e-02
1.264734e-02
1.264419e-02
1.264104e-02
1.263789e-02
1.263475e-02
1.263160e-02
1.262845e-02
1.262531e-02
1.262216e-02
1.261902e-02
1.261587e-02
1.261273e-02
1.260959e-02
1.260645e-02
1.260330e-02
1.260016e-02
1.259702e-02
1.259388e-02
1.259074e-02
1.258760e-02
1.258446e-02
1.258133e-02
1.257819e-02
1.257505e-02
1.257191e-02
1.256878e-02
1.256564e-02
1.256251e-02
1.255937e-02
1.255624e-02
1.255311e-02
1.254997e-02
1.254684e-02
1.254371e-02
1.254058e-02
1.253745e-02
1.253432e-02
1.253119e-02
1.252806e-02
1.252493e-02
1.252180e-02
1.251867e-02
1.251555e-02
1.251242e-02
1.250929e-02
1.250617e-02
1.250304e-02
1.249992e-02
1.249679e-02
1.249367e-02
1.249055e-02
1.248743e-02
1.248430e-02
1.248118e-02
1.247806e-02
1.247494e-02
1.247182e-02
1.246870e-02
1.246558e-02
1.246247e-02
1.245935e-02
1.245623e-02
1.245311e-02
1.245000e-02
1.244688e-02
1.244377e-02
1.244065e-02
1.243754e-02
1.243443e-02
1.243131e-02
1.242820e-02
1.242509e-02
1.242198e-02
1.241887e-02
1.241576e-02
1.241265e-02
1.240954e-02
1.240643e-02
1.240332e-02
1.240021e-02
1.239711e-02
1.239400e-02
1.239090e-02
1.238779e-02
1.238469e-02
1.238158e-02
1.237848e-02
1.237537e-02
1.237227e-02
1.236917e-02
1.236607e-02
1.236297e-02
1.235987e-02
1.235677e-02
1.235367e-02
1.235057e-02
1.234747e-02
1.234437e-02
1.234127e-02
1.233818e-02
1.233508e-02
1.233199e-02
1.232889e-02
1.232580e-02
1.232270e-02
1.231961e-02
1.231652e-02
1.231342e-02
1.231033e-02
1.230724e-02
1.230415e-02
1.230106e-02
1.229797e-02
1.229488e-02
1.229179e-02
1.228870e-02
1.228562e-02
1.228253e-02
1.227944e-02
1.227636e-02
1.227327e-02
1.227019e-02
1.226710e-02
1.226402e-02
1.226093e-02
1.225785e-02
1.225477e-02
1.225169e-02
1.224861e-02
1.224553e-02
1.224245e-02
1.223937e-02
1.223629e-02
1.223321e-02
1.223013e-02
1.222705e-02
1.222398e-02
1.222090e-02
1.221783e-02
1.221475e-02
1.221168e-02
1.220860e-02
1.220553e-02
1.220245e-02
1.219938e-02
1.219631e-02
1.219324e-02
1.219017e-02
1.218710e-02
1.218403e-02
1.218096e-02
1.217789e-02
1.217482e-02
1.217176e-02
1.216869e-02
1.216562e-02
1.216256e-02
1.215949e-02
1.215643e-02
1.215336e-02
1.215030e-02
1.214723e-02
1.214417e-02
1.214111e-02
1.213805e-02
1.213499e-02
1.213193e-02
1.212887e-02
1.212581e-02
1.212275e-02
1.211969e-02
1.211663e-02
1.211358e-02
1.211052e-02
1.210746e-02
1.210441e-02
1.210135e-02
1.209830e-02
1.209525e-02
1.209219e-02
1.208914e-02
1.208609e-02
1.208304e-02
1.207998e-02
1.207693e-02
1.207388e-02
1.207083e-02
1.206779e-02
1.206474e-02
1.206169e-02
1.205864e-02
1.205560e-02
1.205255e-02
1.204950e-02
1.204646e-02
1.204341e-02
1.204037e-02
1.203733e-02
1.203428e-02
1.203124e-02
1.202820e-02
1.202516e-02
1.202212e-02
1.201908e-02
1.201604e-02
1.201300e-02
1.200996e-02
1.200692e-02
1.200389e-02
1.200085e-02
1.199781e-02
1.199478e-02
1.199174e-02
1.198871e-02
1.198567e-02
1.198264e-02
1.197961e-02
1.197658e-02
1.197354e-02
1.197051e-02
1.196748e-02
1.196445e-02
1.196142e-02
1.195839e-02
1.195536e-02
1.195234e-02
1.194931e-02
1.194628e-02
1.194326e-02
1.194023e-02
1.193721e-02
1.193418e-02
1.193116e-02
1.192813e-02
1.192511e-02
1.192209e-02
1.191907e-02
1.191605e-02
1.191303e-02
1.191001e-02
1.190699e-02
1.190397e-02
1.190095e-02
1.189793e-02
1.189491e-02
1.189190e-02
1.188888e-02
1.188586e-02
1.188285e-02
1.187983e-02
1.187682e-02
1.187381e-02
1.187079e-02
1.186778e-02
1.186477e-02
1.186176e-02
1.185875e-02
1.185574e-02
1.185273e-02
1.184972e-02
1.184671e-02
1.184370e-02
1.184070e-02
1.183769e-02
1.183468e-02
1.183168e-02
1.182867e-02
1.182567e-02
1.182267e-02
1.181966e-02
1.181666e-02
1.181366e-02
1.181066e-02
1.180765e-02
1.180465e-02
1.180165e-02
1.179865e-02
1.179566e-02
1.179266e-02
1.178966e-02
1.178666e-02
1.178367e-02
1.178067e-02
1.177767e-02
1.177468e-02
1.177169e-02
1.176869e-02
1.176570e-02
1.176271e-02
1.175971e-02
1.175672e-02
1.175373e-02
1.175074e-02
1.174775e-02
1.174476e-02
1.174177e-02
1.173878e-02
1.173580e-02
1.173281e-02
1.172982e-02
1.172684e-02
1.172385e-02
1.172087e-02
1.171788e-02
1.171490e-02
1.171192e-02
1.170893e-02
1.170595e-02
1.170297e-02
1.169999e-02
1.169701e-02
1.169403e-02
1.169105e-02
1.168807e-02
1.168509e-02
1.168212e-02
1.167914e-02
1.167616e-02
1.167319e-02
1.167021e-02
1.166725e-02
1.166429e-02
1.166133e-02
1.165837e-02
1.165541e-02
1.165246e-02
1.164950e-02
1.164654e-02
1.164359e-02
1.164063e-02
1.163768e-02
1.163472e-02
1.163177e-02
1.162882e-02
1.162587e-02
1.162292e-02
1.161996e-02
1.161701e-02
1.161406e-02
1.161111e-02
1.160817e-02
1.160522e-02
1.160227e-02
1.159932e-02
1.159638e-02
1.159343e-02
1.159048e-02
1.158754e-02
1.158460e-02
1.158165e-02
1.157871e-02
1.157577e-02
1.157282e-02
1.156988e-02
1.156694e-02
1.156400e-02
1.156106e-02
1.155812e-02
1.155518e-02
1.155225e-02
1.154931e-02
1.154637e-02
1.154343e-02
1.154050e-02
1.153756e-02
1.153463e-02
1.153169e-02
1.152876e-02
1.152583e-02
1.152290e-02
1.151996e-02
1.151703e-02
1.151410e-02
1.151117e-02
1.150824e-02
1.150531e-02
1.150238e-02
1.149946e-02
1.149653e-02
1.149360e-02
1.149068e-02
1.148775e-02
1.148482e-02
1.148190e-02
1.147898e-02
1.147605e-02
1.147313e-02
1.147021e-02
1.146729e-02
1.146436e-02
1.146144e-02
1.145852e-02
1.145560e-02
1.145269e-02
1.144977e-02
1.144685e-02
1.144393e-02
1.144102e-02
1.143810e-02
1.143518e-02
1.143227e-02
1.142935e-02
1.142644e-02
1.142353e-02
1.142062e-02
1.141770e-02
1.141479e-02
1.141188e-02
1.140897e-02
1.140606e-02
1.140315e-02
1.140024e-02
1.139733e-02
1.139443e-02
1.139152e-02
1.138861e-02
1.138571e-02
1.138280e-02
1.137990e-02
1.137699e-02
1.137409e-02
1.137119e-02
1.136828e-02
1.136538e-02
1.136248e-02
1.135958e-02
1.135668e-02
1.135378e-02
1.135088e-02
1.134798e-02
1.134508e-02
1.134219e-02
1.133929e-02
1.133639e-02
1.133350e-02
1.133060e-02
1.132771e-02
1.132482e-02
1.132192e-02
1.131903e-02
1.131614e-02
1.131325e-02
1.131035e-02
1.130746e-02
1.130457e-02
1.130168e-02
1.129880e-02
1.129591e-02
1.129302e-02
1.129013e-02
1.128725e-02
1.128436e-02
1.128148e-02
1.127859e-02
1.127571e-02
1.127282e-02
1.126994e-02
1.126706e-02
1.126418e-02
1.126129e-02
1.125841e-02
1.125553e-02
1.125265e-02
1.124977e-02
1.124690e-02
1.124402e-02
1.124114e-02
1.123826e-02
1.123539e-02
1.123251e-02
1.122964e-02
1.122676e-02
1.122389e-02
1.122101e-02
1.121814e-02
1.121527e-02
1.121240e-02
1.120953e-02
1.120666e-02
1.120379e-02
1.120092e-02
1.119805e-02
1.119518e-02
1.119231e-02
1.118945e-02
1.118658e-02
1.118371e-02
1.118085e-02
1.117798e-02
1.117512e-02
1.117226e-02
1.116939e-02
1.116653e-02
1.116367e-02
1.116081e-02
1.115795e-02
1.115509e-02
1.115223e-02
1.114937e-02
1.114651e-02
1.114365e-02
1.114079e-02
1.113794e-02
1.113508e-02
1.113223e-02
1.112937e-02
1.112652e-02
1.112366e-02
1.112081e-02
1.111796e-02
1.111510e-02
1.111225e-02
1.110940e-02
1.110655e-02
1.110370e-02
1.110085e-02
1.109800e-02
1.109516e-02
1.109231e-02
1.108946e-02
1.108662e-02
1.108377e-02
1.108092e-02
1.107808e-02
1.107524e-02
1.107239e-02
1.106955e-02
1.106671e-02
1.106387e-02
1.106102e-02
1.105818e-02
1.105534e-02
1.105250e-02
1.104967e-02
1.104683e-02
1.104399e-02
1.104115e-02
1.103832e-02
1.103548e-02
1.103264e-02
1.102981e-02
1.102698e-02
1.102414e-02
1.102131e-02
1.101848e-02
1.101564e-02
1.101281e-02
1.100998e-02
1.100715e-02
1.100432e-02
1.100149e-02
1.099867e-02
1.099584e-02
1.099301e-02
1.099018e-02
1.098736e-02
1.098453e-02
1.098171e-02
1.097888e-02
1.097606e-02
1.097324e-02
1.097041e-02
1.096759e-02
1.096477e-02
1.096195e-02
1.095913e-02
1.095631e-02
1.095349e-02
1.095067e-02
1.094785e-02
1.094504e-02
1.094222e-02
1.093940e-02
1.093659e-02
1.093377e-02
1.093096e-02
1.092814e-02
1.092533e-02
1.092252e-02
1.091970e-02
1.091689e-02
1.091408e-02
1.091127e-02
1.090846e-02
1.090565e-02
1.090284e-02
1.090003e-02
1.089723e-02
1.089442e-02
1.089161e-02
1.088881e-02
1.088600e-02
1.088320e-02
1.088039e-02
1.087759e-02
1.087479e-02
1.087199e-02
1.086918e-02
1.086638e-02
1.086358e-02
1.086078e-02
1.085798e-02
1.085518e-02
1.085239e-02
1.084959e-02
1.084679e-02
1.084399e-02
1.084120e-02
1.083840e-02
1.083561e-02
1.083281e-02
1.083002e-02
1.082723e-02
1.082443e-02
1.082164e-02
1.081885e-02
1.081606e-02
1.081327e-02
1.081048e-02
1.080769e-02
1.080490e-02
1.080212e-02
1.079933e-02
1.079654e-02
1.079376e-02
1.079097e-02
1.078819e-02
1.078540e-02
1.078262e-02
1.077983e-02
1.077705e-02
1.077427e-02
1.077149e-02
1.076871e-02
1.076593e-02
1.076315e-02
1.076037e-02
1.075759e-02
1.075481e-02
1.075203e-02
1.074926e-02
1.074648e-02
1.074371e-02
1.074093e-02
1.073816e-02
1.073538e-02
1.073261e-02
1.072984e-02
1.072706e-02
1.072429e-02
1.072152e-02
1.071875e-02
1.071598e-02
1.071321e-02
1.071044e-02
1.070768e-02
1.070491e-02
1.070214e-02
1.069938e-02
1.069661e-02
1.069385e-02
1.069108e-02
1.068832e-02
1.068555e-02
1.068279e-02
1.068003e-02
1.067727e-02
1.067451e-02
1.067175e-02
1.066899e-02
1.066623e-02
1.066347e-02
1.066071e-02
1.065795e-02
1.065520e-02
1.065244e-02
1.064968e-02
1.064693e-02
1.064417e-02
1.064142e-02
1.063867e-02
1.063591e-02
1.063316e-02
1.063041e-02
1.062766e-02
1.062491e-02
1.062216e-02
1.061941e-02
1.061666e-02
1.061391e-02
1.061117e-02
1.060842e-02
1.060567e-02
1.060293e-02
1.060018e-02
1.059744e-02
1.059469e-02
1.059195e-02
1.058921e-02
1.058646e-02
1.058372e-02
1.058098e-02
1.057824e-02
1.057550e-02
1.057276e-02
1.057002e-02
1.056729e-02
1.056455e-02
1.056181e-02
1.055907e-02
1.055634e-02
1.055360e-02
1.055087e-02
1.054813e-02
1.054540e-02
1.054267e-02
1.053994e-02
1.053720e-02
1.053447e-02
1.053174e-02
1.052901e-02
1.052628e-02
1.052355e-02
1.052083e-02
1.051810e-02
1.051537e-02
1.051265e-02
1.050992e-02
1.050719e-02
1.050447e-02
1.050175e-02
1.049902e-02
1.049630e-02
1.049358e-02
1.049086e-02
1.048813e-02
1.048541e-02
1.048269e-02
1.047997e-02
1.047726e-02
1.047454e-02
1.047182e-02
1.046910e-02
1.046639e-02
1.046367e-02
1.046096e-02
1.045824e-02
1.045553e-02
1.045281e-02
1.045010e-02
1.044739e-02
1.044468e-02
1.044196e-02
1.043925e-02
1.043654e-02
1.043383e-02
1.043113e-02
1.042842e-02
1.042571e-02
1.042300e-02
1.042030e-02
1.041759e-02
1.041489e-02
1.041218e-02
1.040948e-02
1.040677e-02
1.040407e-02
1.040137e-02
1.039867e-02
1.039597e-02
1.039326e-02
1.039056e-02
1.038787e-02
1.038517e-02
1.038247e-02
1.037977e-02
1.037707e-02
1.037438e-02
1.037168e-02
1.036899e-02
1.036629e-02
1.036360e-02
1.036090e-02
1.035821e-02
1.035552e-02
1.035283e-02
1.035014e-02
1.034745e-02
1.034476e-02
1.034207e-02
