2.4983
3.025
3.4999
3.9181
4.2757
4.5694
4.9572
5.0748
5.0339
4.9294
4.7642
4.2672
3.5801
3.1792
2.7482
1.3396
-0.5641
-1.0033
-1.4169
-1.8003
-2.4599
-2.7297
-3.4042
-3.1377
-2.9729
-2.7749
-2.5473
-2.2942
-2.0197
-1.7281
-1.1115
-0.7954
-0.4799
-0.1691
0.1329
0.6962
1.184
1.393
1.8586
2.0249
2.0748
2.0144
1.9463
1.8555
1.7439
1.3095
1.1403
0.9633
0.7814
0.4135
0.2326
0.057
-0.2699
-0.5523
-0.6732
-0.779
-0.8691
-0.9429
-1.0002
-1.0745
-1.0684
-1.048
-0.913
-0.7746
-0.6952
-0.611
-0.5236
-0.4344
-0.1699
-0.0869
-0.0084
0.0648
0.1319
0.1923
0.2455
0.2912
0.3972
0.4051
0.4064
0.3907
0.375
0.3045
0.2756
0.2139
0.1513
0.1211
0.0922
0.0652
0.0403
0.0178
-0.0021
-0.0193
-0.0337
-0.0453
-0.0542
-0.0606
-0.0646
-0.0665
-0.0663
-0.0614
-0.0571
-0.0403
-0.0343
-0.0285
-0.023
-0.0135
-0.0097
-0.0066
-0.0041
-0.0024
-0.0005
-0
0
0.0001
0.0009
0.0035
0.0086
0.0121
0.0164
0.0212
0.0323
0.0383
0.0443
0.0501
0.0554
0.06
0.0636
0.0659
0.0655
0.0622
0.0486
0.0378
0.0244
0.0081
-0.0325
-0.0566
-0.083
-0.1411
-0.172
-0.2034
-0.2348
-0.2656
-0.2951
-0.3474
-0.386
-0.4054
-0.4063
-0.4006
-0.3879
-0.3678
-0.2616
-0.2108
-0.0879
-0.0166
0.0602
0.2271
0.3151
0.494
0.5822
0.7487
0.8241
0.8922
0.9515
1.0383
1.0631
1.0741
1.051
1.0157
0.9639
0.8955
0.8108
0.5942
0.4639
0.3205
0.1652
-0.1734
-0.3527
-0.7201
-0.9031
-1.4168
-1.7025
-1.9185
-1.9944
-2.0462
-2.0708
-2.0412
-1.9825
-1.8945
-1.7771
-1.631
-1.2564
-1.0311
-0.7834
-0.5157
0.3756
1.0064
1.3205
1.9241
2.2048
2.4656
2.7021
2.9104
3.0866
3.2274
3.3906
3.4083
3.3809
3.3076
3.0217
2.5545
1.9206
1.5483
1.1443
0.713
0.2595
-1.6619
-2.1378
-3.0385
-3.8276
-4.1647
-4.456
-4.6963
-5.006
-5.0684
-5.0654
-4.6527
-4.3808
-4.0442
-3.6458
-2.6793
-2.1213
-1.5215
-0.887
-0.2252
