-1.365049e-01 -7.476719e-01 -9.502288e-01
-1.329805e-01 -7.453204e-01 -9.504459e-01
-1.294276e-01 -7.429463e-01 -9.506517e-01
-1.258473e-01 -7.405506e-01 -9.508469e-01
-1.222403e-01 -7.381338e-01 -9.510320e-01
-1.186078e-01 -7.356968e-01 -9.512073e-01
-1.149506e-01 -7.332404e-01 -9.513735e-01
-1.112695e-01 -7.307652e-01 -9.515310e-01
-1.075654e-01 -7.282720e-01 -9.516803e-01
-1.038393e-01 -7.257615e-01 -9.518217e-01
-1.000920e-01 -7.232343e-01 -9.519557e-01
-9.632418e-02 -7.206911e-01 -9.520827e-01
-9.253679e-02 -7.181326e-01 -9.522031e-01
-8.873061e-02 -7.155594e-01 -9.523173e-01
-8.490641e-02 -7.129722e-01 -9.524256e-01
-8.106496e-02 -7.103715e-01 -9.525285e-01
-7.720701e-02 -7.077579e-01 -9.526262e-01
-7.333331e-02 -7.051321e-01 -9.527192e-01
-6.944457e-02 -7.024946e-01 -9.528076e-01
-6.554150e-02 -6.998459e-01 -9.528919e-01
-6.162480e-02 -6.971867e-01 -9.529723e-01
-5.769515e-02 -6.945173e-01 -9.530491e-01
-5.375320e-02 -6.918384e-01 -9.531226e-01
-4.979961e-02 -6.891504e-01 -9.531931e-01
-4.583501e-02 -6.864538e-01 -9.532608e-01
-4.186003e-02 -6.837491e-01 -9.533261e-01
-3.787527e-02 -6.810368e-01 -9.533890e-01
-3.388133e-02 -6.783173e-01 -9.534499e-01
-2.987878e-02 -6.755910e-01 -9.535091e-01
-2.586820e-02 -6.728584e-01 -9.535666e-01
-2.185013e-02 -6.701200e-01 -9.536228e-01
-1.782513e-02 -6.673760e-01 -9.536778e-01
-1.379371e-02 -6.646270e-01 -9.537318e-01
-9.756406e-03 -6.618732e-01 -9.537850e-01
-5.713707e-03 -6.591151e-01 -9.538377e-01
-1.666111e-03 -6.563530e-01 -9.538899e-01
2.385903e-03 -6.535874e-01 -9.539418e-01
6.441863e-03 -6.508184e-01 -9.539937e-01
1.050131e-02 -6.480465e-01 -9.540456e-01
1.456381e-02 -6.452720e-01 -9.540977e-01
1.862891e-02 -6.424952e-01 -9.541501e-01
2.269619e-02 -6.397165e-01 -9.542031e-01
2.676524e-02 -6.369360e-01 -9.542567e-01
3.083565e-02 -6.341542e-01 -9.543110e-01
3.490703e-02 -6.313713e-01 -9.543662e-01
3.897899e-02 -6.285875e-01 -9.544224e-01
4.305116e-02 -6.258032e-01 -9.544796e-01
4.712317e-02 -6.230186e-01 -9.545381e-01
5.119467e-02 -6.202339e-01 -9.545979e-01
5.526530e-02 -6.174494e-01 -9.546591e-01
5.933473e-02 -6.146654e-01 -9.547218e-01
6.340263e-02 -6.118821e-01 -9.547861e-01
6.746868e-02 -6.090996e-01 -9.548521e-01
7.153256e-02 -6.063183e-01 -9.549198e-01
7.559398e-02 -6.035383e-01 -9.549894e-01
7.965262e-02 -6.007598e-01 -9.550609e-01
8.370820e-02 -5.979831e-01 -9.551344e-01
8.776045e-02 -5.952083e-01 -9.552099e-01
9.180907e-02 -5.924356e-01 -9.552876e-01
9.585382e-02 -5.896652e-01 -9.553674e-01
9.989442e-02 -5.868973e-01 -9.554494e-01
1.039306e-01 -5.841320e-01 -9.555338e-01
1.079622e-01 -5.813696e-01 -9.556205e-01
1.119889e-01 -5.786101e-01 -9.557095e-01
1.160104e-01 -5.758538e-01 -9.558010e-01
1.200266e-01 -5.731008e-01 -9.558950e-01
1.240373e-01 -5.703513e-01 -9.559915e-01
1.280421e-01 -5.676053e-01 -9.560906e-01
1.320410e-01 -5.648630e-01 -9.561923e-01
1.360337e-01 -5.621246e-01 -9.562966e-01
1.400200e-01 -5.593902e-01 -9.564036e-01
1.439997e-01 -5.566599e-01 -9.565132e-01
1.479726e-01 -5.539338e-01 -9.566256e-01
1.519386e-01 -5.512121e-01 -9.567407e-01
1.558974e-01 -5.484949e-01 -9.568586e-01
1.598489e-01 -5.457823e-01 -9.569793e-01
1.637930e-01 -5.430744e-01 -9.571028e-01
1.677294e-01 -5.403712e-01 -9.572291e-01
1.716580e-01 -5.376730e-01 -9.573583e-01
1.755787e-01 -5.349798e-01 -9.574903e-01
1.794913e-01 -5.322916e-01 -9.576252e-01
1.833956e-01 -5.296087e-01 -9.577630e-01
1.872916e-01 -5.269310e-01 -9.579037e-01
1.911791e-01 -5.242587e-01 -9.580472e-01
1.950579e-01 -5.215918e-01 -9.581937e-01
1.989279e-01 -5.189305e-01 -9.583431e-01
2.027890e-01 -5.162748e-01 -9.584954e-01
2.066411e-01 -5.136247e-01 -9.586507e-01
2.104841e-01 -5.109804e-01 -9.588088e-01
2.143178e-01 -5.083420e-01 -9.589699e-01
2.181421e-01 -5.057094e-01 -9.591339e-01
2.219570e-01 -5.030828e-01 -9.593009e-01
2.257623e-01 -5.004622e-01 -9.594707e-01
2.295579e-01 -4.978477e-01 -9.596435e-01
2.333438e-01 -4.952393e-01 -9.598192e-01
2.371198e-01 -4.926372e-01 -9.599978e-01
2.408858e-01 -4.900412e-01 -9.601793e-01
2.446418e-01 -4.874516e-01 -9.603637e-01
2.483877e-01 -4.848684e-01 -9.605510e-01
2.521234e-01 -4.822915e-01 -9.607412e-01
2.558488e-01 -4.797212e-01 -9.609343e-01
2.595638e-01 -4.771573e-01 -9.611302e-01
2.632684e-01 -4.745999e-01 -9.613289e-01
2.669625e-01 -4.720492e-01 -9.615305e-01
2.706460e-01 -4.695051e-01 -9.617349e-01
2.743189e-01 -4.669676e-01 -9.619422e-01
2.779811e-01 -4.644369e-01 -9.621522e-01
2.816325e-01 -4.619128e-01 -9.623650e-01
2.852731e-01 -4.593956e-01 -9.625806e-01
2.889028e-01 -4.568852e-01 -9.627990e-01
2.925215e-01 -4.543816e-01 -9.630201e-01
2.961293e-01 -4.518849e-01 -9.632439e-01
2.997261e-01 -4.493951e-01 -9.634704e-01
3.033117e-01 -4.469122e-01 -9.636997e-01
3.068862e-01 -4.444362e-01 -9.639316e-01
3.104496e-01 -4.419673e-01 -9.641661e-01
3.140017e-01 -4.395053e-01 -9.644033e-01
3.175426e-01 -4.370504e-01 -9.646432e-01
3.210722e-01 -4.346025e-01 -9.648856e-01
3.245905e-01 -4.321617e-01 -9.651306e-01
3.280973e-01 -4.297280e-01 -9.653782e-01
3.315928e-01 -4.273014e-01 -9.656283e-01
3.350769e-01 -4.248819e-01 -9.658809e-01
3.385495e-01 -4.224695e-01 -9.661361e-01
3.420106e-01 -4.200643e-01 -9.663937e-01
3.454602e-01 -4.176663e-01 -9.666538e-01
3.488983e-01 -4.152755e-01 -9.669164e-01
3.523247e-01 -4.128919e-01 -9.671813e-01
3.557397e-01 -4.105155e-01 -9.674487e-01
3.591430e-01 -4.081463e-01 -9.677184e-01
3.625346e-01 -4.057843e-01 -9.679905e-01
3.659147e-01 -4.034296e-01 -9.682649e-01
3.692831e-01 -4.010822e-01 -9.685417e-01
3.726398e-01 -3.987420e-01 -9.688207e-01
3.759848e-01 -3.964090e-01 -9.691020e-01
3.793181e-01 -3.940834e-01 -9.693855e-01
3.826398e-01 -3.917650e-01 -9.696713e-01
3.859497e-01 -3.894540e-01 -9.699592e-01
3.892478e-01 -3.871502e-01 -9.702494e-01
3.925343e-01 -3.848537e-01 -9.705417e-01
3.958090e-01 -3.825645e-01 -9.708361e-01
3.990719e-01 -3.802827e-01 -9.711326e-01
4.023231e-01 -3.780081e-01 -9.714312e-01
4.055625e-01 -3.757408e-01 -9.717319e-01
4.087902e-01 -3.734809e-01 -9.720346e-01
4.120062e-01 -3.712283e-01 -9.723393e-01
4.152103e-01 -3.689830e-01 -9.726460e-01
4.184027e-01 -3.667449e-01 -9.729547e-01
4.215834e-01 -3.645142e-01 -9.732653e-01
4.247523e-01 -3.622909e-01 -9.735778e-01
4.279094e-01 -3.600748e-01 -9.738923e-01
4.310548e-01 -3.578660e-01 -9.742086e-01
4.341885e-01 -3.556645e-01 -9.745268e-01
4.373105e-01 -3.534704e-01 -9.748467e-01
4.404207e-01 -3.512835e-01 -9.751685e-01
4.435192e-01 -3.491039e-01 -9.754921e-01
4.466059e-01 -3.469317e-01 -9.758174e-01
4.496810e-01 -3.447667e-01 -9.761445e-01
4.527444e-01 -3.426089e-01 -9.764732e-01
4.557961e-01 -3.404585e-01 -9.768037e-01
4.588362e-01 -3.383153e-01 -9.771358e-01
4.618645e-01 -3.361794e-01 -9.774696e-01
4.648813e-01 -3.340507e-01 -9.778049e-01
4.678864e-01 -3.319293e-01 -9.781419e-01
4.708799e-01 -3.298152e-01 -9.784804e-01
4.738618e-01 -3.277082e-01 -9.788205e-01
4.768321e-01 -3.256085e-01 -9.791621e-01
4.797909e-01 -3.235160e-01 -9.795052e-01
4.827381e-01 -3.214307e-01 -9.798498e-01
4.856737e-01 -3.193527e-01 -9.801958e-01
4.885979e-01 -3.172818e-01 -9.805433e-01
4.915105e-01 -3.152181e-01 -9.808921e-01
4.944117e-01 -3.131616e-01 -9.812424e-01
4.973014e-01 -3.111122e-01 -9.815940e-01
5.001797e-01 -3.090700e-01 -9.819470e-01
5.030465e-01 -3.070349e-01 -9.823013e-01
5.059020e-01 -3.050070e-01 -9.826569e-01
5.087460e-01 -3.029862e-01 -9.830137e-01
5.115787e-01 -3.009725e-01 -9.833719e-01
5.144001e-01 -2.989659e-01 -9.837312e-01
5.172102e-01 -2.969664e-01 -9.840918e-01
5.200090e-01 -2.949740e-01 -9.844535e-01
5.227965e-01 -2.929887e-01 -9.848164e-01
5.255728e-01 -2.910104e-01 -9.851805e-01
5.283379e-01 -2.890391e-01 -9.855457e-01
5.310917e-01 -2.870749e-01 -9.859120e-01
5.338344e-01 -2.851177e-01 -9.862793e-01
5.365660e-01 -2.831675e-01 -9.866478e-01
5.392865e-01 -2.812242e-01 -9.870172e-01
5.419958e-01 -2.792880e-01 -9.873877e-01
5.446941e-01 -2.773587e-01 -9.877592e-01
5.473814e-01 -2.754364e-01 -9.881317e-01
5.500577e-01 -2.735211e-01 -9.885051e-01
5.527229e-01 -2.716126e-01 -9.888794e-01
5.553773e-01 -2.697111e-01 -9.892547e-01
5.580207e-01 -2.678164e-01 -9.896309e-01
5.606532e-01 -2.659287e-01 -9.900079e-01
5.632748e-01 -2.640478e-01 -9.903858e-01
5.658856e-01 -2.621737e-01 -9.907646e-01
5.684856e-01 -2.603066e-01 -9.911441e-01
5.710748e-01 -2.584462e-01 -9.915245e-01
5.736532e-01 -2.565926e-01 -9.919056e-01
5.762209e-01 -2.547459e-01 -9.922875e-01
5.787780e-01 -2.529059e-01 -9.926701e-01
5.813243e-01 -2.510727e-01 -9.930535e-01
5.838601e-01 -2.492462e-01 -9.934375e-01
5.863852e-01 -2.474265e-01 -9.938223e-01
5.888998e-01 -2.456135e-01 -9.942077e-01
5.914038e-01 -2.438072e-01 -9.945937e-01
5.938973e-01 -2.420076e-01 -9.949804e-01
5.963804e-01 -2.402146e-01 -9.953677e-01
5.988530e-01 -2.384284e-01 -9.957556e-01
6.013151e-01 -2.366487e-01 -9.961440e-01
6.037669e-01 -2.348757e-01 -9.965331e-01
6.062084e-01 -2.331093e-01 -9.969226e-01
6.086395e-01 -2.313495e-01 -9.973127e-01
6.110604e-01 -2.295963e-01 -9.977033e-01
6.134709e-01 -2.278496e-01 -9.980943e-01
6.158713e-01 -2.261095e-01 -9.984858e-01
6.182615e-01 -2.243759e-01 -9.988778e-01
6.206415e-01 -2.226489e-01 -9.992703e-01
6.230114e-01 -2.209283e-01 -9.996631e-01
6.253712e-01 -2.192142e-01 -1.000056e+00
6.277209e-01 -2.175066e-01 -1.000450e+00
6.300607e-01 -2.158054e-01 -1.000844e+00
6.323904e-01 -2.141106e-01 -1.001238e+00
6.347101e-01 -2.124223e-01 -1.001633e+00
6.370200e-01 -2.107403e-01 -1.002028e+00
6.393199e-01 -2.090648e-01 -1.002423e+00
6.416100e-01 -2.073956e-01 -1.002819e+00
6.438903e-01 -2.057327e-01 -1.003215e+00
6.461608e-01 -2.040762e-01 -1.003611e+00
6.484215e-01 -2.024260e-01 -1.004007e+00
6.506725e-01 -2.007820e-01 -1.004404e+00
6.529138e-01 -1.991444e-01 -1.004801e+00
6.551454e-01 -1.975130e-01 -1.005198e+00
6.573674e-01 -1.958879e-01 -1.005595e+00
6.595799e-01 -1.942690e-01 -1.005992e+00
6.617827e-01 -1.926562e-01 -1.006390e+00
6.639761e-01 -1.910497e-01 -1.006788e+00
6.661599e-01 -1.894494e-01 -1.007185e+00
6.683344e-01 -1.878552e-01 -1.007583e+00
6.704994e-01 -1.862672e-01 -1.007981e+00
6.726550e-01 -1.846853e-01 -1.008379e+00
6.748012e-01 -1.831094e-01 -1.008778e+00
6.769381e-01 -1.815397e-01 -1.009176e+00
6.790658e-01 -1.799761e-01 -1.009574e+00
6.811842e-01 -1.784185e-01 -1.009972e+00
6.832934e-01 -1.768669e-01 -1.010371e+00
6.853934e-01 -1.753213e-01 -1.010769e+00
6.874843e-01 -1.737818e-01 -1.011167e+00
6.895660e-01 -1.722482e-01 -1.011566e+00
6.916387e-01 -1.707206e-01 -1.011964e+00
6.937023e-01 -1.691990e-01 -1.012362e+00
6.957569e-01 -1.676833e-01 -1.012760e+00
6.978025e-01 -1.661734e-01 -1.013158e+00
6.998392e-01 -1.646695e-01 -1.013556e+00
7.018670e-01 -1.631715e-01 -1.013954e+00
7.038859e-01 -1.616793e-01 -1.014352e+00
7.058960e-01 -1.601930e-01 -1.014750e+00
7.078972e-01 -1.587125e-01 -1.015147e+00
7.098897e-01 -1.572378e-01 -1.015545e+00
7.118734e-01 -1.557688e-01 -1.015942e+00
7.138485e-01 -1.543057e-01 -1.016339e+00
7.158148e-01 -1.528483e-01 -1.016736e+00
7.177725e-01 -1.513967e-01 -1.017133e+00
7.197216e-01 -1.499507e-01 -1.017529e+00
7.216622e-01 -1.485105e-01 -1.017926e+00
7.235942e-01 -1.470760e-01 -1.018322e+00
7.255177e-01 -1.456471e-01 -1.018718e+00
7.274327e-01 -1.442238e-01 -1.019113e+00
7.293393e-01 -1.428062e-01 -1.019509e+00
7.312375e-01 -1.413943e-01 -1.019904e+00
7.331273e-01 -1.399879e-01 -1.020298e+00
7.350088e-01 -1.385870e-01 -1.020693e+00
7.368819e-01 -1.371918e-01 -1.021087e+00
7.387468e-01 -1.358021e-01 -1.021481e+00
7.406035e-01 -1.344179e-01 -1.021875e+00
7.424519e-01 -1.330392e-01 -1.022268e+00
7.442922e-01 -1.316660e-01 -1.022661e+00
7.461243e-01 -1.302983e-01 -1.023054e+00
7.479484e-01 -1.289361e-01 -1.023446e+00
7.497643e-01 -1.275793e-01 -1.023838e+00
7.515722e-01 -1.262279e-01 -1.024230e+00
7.533721e-01 -1.248819e-01 -1.024621e+00
7.551641e-01 -1.235413e-01 -1.025012e+00
7.569481e-01 -1.222060e-01 -1.025402e+00
7.587241e-01 -1.208761e-01 -1.025792e+00
7.604923e-01 -1.195516e-01 -1.026182e+00
7.622527e-01 -1.182324e-01 -1.026571e+00
7.640052e-01 -1.169184e-01 -1.026960e+00
7.657499e-01 -1.156098e-01 -1.027348e+00
7.674869e-01 -1.143064e-01 -1.027736e+00
7.692162e-01 -1.130082e-01 -1.028124e+00
7.709378e-01 -1.117153e-01 -1.028511e+00
7.726517e-01 -1.104276e-01 -1.028897e+00
7.743580e-01 -1.091451e-01 -1.029283e+00
7.760567e-01 -1.078678e-01 -1.029669e+00
7.777479e-01 -1.065956e-01 -1.030054e+00
7.794315e-01 -1.053286e-01 -1.030439e+00
7.811076e-01 -1.040667e-01 -1.030823e+00
7.827763e-01 -1.028099e-01 -1.031206e+00
7.844375e-01 -1.015582e-01 -1.031589e+00
7.860913e-01 -1.003116e-01 -1.031972e+00
7.877378e-01 -9.907003e-02 -1.032354e+00
7.893769e-01 -9.783351e-02 -1.032735e+00
7.910087e-01 -9.660202e-02 -1.033116e+00
7.926332e-01 -9.537553e-02 -1.033496e+00
7.942505e-01 -9.415403e-02 -1.033876e+00
7.958605e-01 -9.293751e-02 -1.034255e+00
7.974634e-01 -9.172594e-02 -1.034634e+00
7.990591e-01 -9.051932e-02 -1.035012e+00
8.006476e-01 -8.931761e-02 -1.035390e+00
8.022291e-01 -8.812082e-02 -1.035766e+00
8.038035e-01 -8.692891e-02 -1.036143e+00
8.053708e-01 -8.574187e-02 -1.036518e+00
8.069312e-01 -8.455969e-02 -1.036894e+00
8.084846e-01 -8.338235e-02 -1.037268e+00
8.100310e-01 -8.220984e-02 -1.037642e+00
8.115705e-01 -8.104212e-02 -1.038015e+00
8.131031e-01 -7.987920e-02 -1.038388e+00
8.146289e-01 -7.872105e-02 -1.038760e+00
8.161478e-01 -7.756766e-02 -1.039131e+00
8.176599e-01 -7.641901e-02 -1.039501e+00
8.191653e-01 -7.527507e-02 -1.039871e+00
8.206639e-01 -7.413585e-02 -1.040241e+00
8.221558e-01 -7.300132e-02 -1.040609e+00
8.236410e-01 -7.187146e-02 -1.040977e+00
8.251196e-01 -7.074626e-02 -1.041345e+00
8.265915e-01 -6.962570e-02 -1.041711e+00
8.280568e-01 -6.850976e-02 -1.042077e+00
8.295156e-01 -6.739843e-02 -1.042443e+00
8.309678e-01 -6.629170e-02 -1.042807e+00
8.324135e-01 -6.518954e-02 -1.043171e+00
8.338527e-01 -6.409194e-02 -1.043534e+00
8.352855e-01 -6.299889e-02 -1.043897e+00
8.367118e-01 -6.191036e-02 -1.044259e+00
8.381317e-01 -6.082635e-02 -1.044620e+00
8.395453e-01 -5.974683e-02 -1.044980e+00
8.409525e-01 -5.867179e-02 -1.045340e+00
8.423534e-01 -5.760121e-02 -1.045699e+00
8.437480e-01 -5.653508e-02 -1.046057e+00
8.451363e-01 -5.547339e-02 -1.046414e+00
8.465184e-01 -5.441611e-02 -1.046771e+00
8.478943e-01 -5.336323e-02 -1.047127e+00
8.492640e-01 -5.231474e-02 -1.047482e+00
8.506275e-01 -5.127061e-02 -1.047836e+00
8.519850e-01 -5.023084e-02 -1.048190e+00
8.533363e-01 -4.919540e-02 -1.048543e+00
8.546815e-01 -4.816429e-02 -1.048895e+00
8.560207e-01 -4.713748e-02 -1.049247e+00
8.573539e-01 -4.611497e-02 -1.049597e+00
8.586811e-01 -4.509672e-02 -1.049947e+00
8.600023e-01 -4.408274e-02 -1.050296e+00
8.613176e-01 -4.307300e-02 -1.050645e+00
8.626269e-01 -4.206749e-02 -1.050992e+00
8.639304e-01 -4.106620e-02 -1.051339e+00
8.652280e-01 -4.006910e-02 -1.051685e+00
8.665198e-01 -3.907618e-02 -1.052030e+00
8.678057e-01 -3.808744e-02 -1.052375e+00
8.690859e-01 -3.710284e-02 -1.052718e+00
8.703603e-01 -3.612238e-02 -1.053061e+00
8.716290e-01 -3.514604e-02 -1.053403e+00
8.728919e-01 -3.417381e-02 -1.053744e+00
8.741492e-01 -3.320567e-02 -1.054085e+00
8.754008e-01 -3.224161e-02 -1.054424e+00
8.766468e-01 -3.128161e-02 -1.054763e+00
8.778871e-01 -3.032565e-02 -1.055101e+00
8.791219e-01 -2.937373e-02 -1.055438e+00
8.803511e-01 -2.842582e-02 -1.055775e+00
8.815748e-01 -2.748192e-02 -1.056110e+00
8.827930e-01 -2.654200e-02 -1.056445e+00
8.840057e-01 -2.560606e-02 -1.056779e+00
8.852129e-01 -2.467407e-02 -1.057112e+00
8.864147e-01 -2.374602e-02 -1.057444e+00
8.876111e-01 -2.282190e-02 -1.057776e+00
8.888020e-01 -2.190170e-02 -1.058107e+00
8.899877e-01 -2.098539e-02 -1.058436e+00
8.911679e-01 -2.007297e-02 -1.058765e+00
8.923429e-01 -1.916442e-02 -1.059093e+00
8.935125e-01 -1.825972e-02 -1.059421e+00
8.946769e-01 -1.735887e-02 -1.059747e+00
8.958361e-01 -1.646184e-02 -1.060073e+00
8.969900e-01 -1.556862e-02 -1.060398e+00
8.981387e-01 -1.467920e-02 -1.060722e+00
8.992822e-01 -1.379357e-02 -1.061045e+00
9.004206e-01 -1.291170e-02 -1.061367e+00
9.015539e-01 -1.203359e-02 -1.061688e+00
9.026820e-01 -1.115922e-02 -1.062009e+00
9.038051e-01 -1.028857e-02 -1.062329e+00
9.049231e-01 -9.421643e-03 -1.062648e+00
9.060360e-01 -8.558410e-03 -1.062966e+00
9.071440e-01 -7.698862e-03 -1.063283e+00
9.082469e-01 -6.842984e-03 -1.063599e+00
9.093449e-01 -5.990763e-03 -1.063915e+00
9.104379e-01 -5.142185e-03 -1.064229e+00
9.115260e-01 -4.297236e-03 -1.064543e+00
9.126092e-01 -3.455902e-03 -1.064856e+00
9.136875e-01 -2.618169e-03 -1.065168e+00
9.147609e-01 -1.784024e-03 -1.065479e+00
9.158295e-01 -9.534525e-04 -1.065789e+00
9.168933e-01 -1.264415e-04 -1.066099e+00
9.179523e-01 6.970229e-04 -1.066408e+00
9.190065e-01 1.516954e-03 -1.066715e+00
9.200559e-01 2.333366e-03 -1.067022e+00
9.211006e-01 3.146272e-03 -1.067328e+00
9.221406e-01 3.955685e-03 -1.067633e+00
9.231760e-01 4.761619e-03 -1.067938e+00
9.242066e-01 5.564087e-03 -1.068241e+00
9.252326e-01 6.363103e-03 -1.068544e+00
9.262540e-01 7.158679e-03 -1.068846e+00
9.272708e-01 7.950830e-03 -1.069146e+00
9.282829e-01 8.739568e-03 -1.069446e+00
9.292906e-01 9.524907e-03 -1.069746e+00
9.302936e-01 1.030686e-02 -1.070044e+00
9.312922e-01 1.108544e-02 -1.070341e+00
9.322862e-01 1.186066e-02 -1.070638e+00
9.332758e-01 1.263253e-02 -1.070934e+00
9.342609e-01 1.340107e-02 -1.071228e+00
9.352415e-01 1.416628e-02 -1.071522e+00
9.362178e-01 1.492819e-02 -1.071816e+00
9.371896e-01 1.568680e-02 -1.072108e+00
9.381571e-01 1.644213e-02 -1.072399e+00
9.391202e-01 1.719419e-02 -1.072690e+00
9.400789e-01 1.794299e-02 -1.072979e+00
9.410333e-01 1.868855e-02 -1.073268e+00
9.419834e-01 1.943088e-02 -1.073556e+00
9.429293e-01 2.016999e-02 -1.073843e+00
9.438708e-01 2.090589e-02 -1.074129e+00
9.448082e-01 2.163860e-02 -1.074415e+00
9.457413e-01 2.236812e-02 -1.074699e+00
9.466701e-01 2.309448e-02 -1.074983e+00
9.475948e-01 2.381768e-02 -1.075265e+00
9.485154e-01 2.453774e-02 -1.075547e+00
9.494318e-01 2.525466e-02 -1.075828e+00
9.503440e-01 2.596847e-02 -1.076108e+00
9.512521e-01 2.667916e-02 -1.076388e+00
9.521562e-01 2.738677e-02 -1.076666e+00
9.530562e-01 2.809129e-02 -1.076944e+00
9.539521e-01 2.879274e-02 -1.077220e+00
9.548439e-01 2.949113e-02 -1.077496e+00
9.557318e-01 3.018647e-02 -1.077771e+00
9.566156e-01 3.087878e-02 -1.078045e+00
9.574955e-01 3.156807e-02 -1.078319e+00
9.583714e-01 3.225435e-02 -1.078591e+00
9.592433e-01 3.293763e-02 -1.078863e+00
9.601114e-01 3.361792e-02 -1.079134e+00
9.609755e-01 3.429524e-02 -1.079403e+00
9.618357e-01 3.496960e-02 -1.079672e+00
9.626920e-01 3.564100e-02 -1.079941e+00
9.635445e-01 3.630947e-02 -1.080208e+00
9.643931e-01 3.697500e-02 -1.080474e+00
9.652379e-01 3.763763e-02 -1.080740e+00
9.660790e-01 3.829734e-02 -1.081005e+00
9.669162e-01 3.895417e-02 -1.081269e+00
9.677496e-01 3.960811e-02 -1.081532e+00
9.685793e-01 4.025919e-02 -1.081794e+00
9.694053e-01 4.090740e-02 -1.082055e+00
9.702275e-01 4.155277e-02 -1.082316e+00
9.710460e-01 4.219530e-02 -1.082576e+00
9.718609e-01 4.283501e-02 -1.082835e+00
9.726720e-01 4.347191e-02 -1.083093e+00
9.734795e-01 4.410600e-02 -1.083350e+00
9.742834e-01 4.473731e-02 -1.083606e+00
9.750837e-01 4.536583e-02 -1.083862e+00
9.758803e-01 4.599159e-02 -1.084116e+00
9.766734e-01 4.661459e-02 -1.084370e+00
9.774629e-01 4.723485e-02 -1.084623e+00
9.782489e-01 4.785237e-02 -1.084875e+00
9.790313e-01 4.846717e-02 -1.085126e+00
9.798101e-01 4.907926e-02 -1.085377e+00
9.805855e-01 4.968864e-02 -1.085627e+00
9.813574e-01 5.029533e-02 -1.085875e+00
9.821258e-01 5.089935e-02 -1.086124e+00
9.828908e-01 5.150069e-02 -1.086371e+00
9.836523e-01 5.209938e-02 -1.086617e+00
9.844104e-01 5.269542e-02 -1.086863e+00
9.851650e-01 5.328882e-02 -1.087107e+00
9.859163e-01 5.387959e-02 -1.087351e+00
9.866642e-01 5.446776e-02 -1.087594e+00
9.874087e-01 5.505331e-02 -1.087837e+00
9.881499e-01 5.563627e-02 -1.088078e+00
9.888878e-01 5.621665e-02 -1.088319e+00
9.896223e-01 5.679446e-02 -1.088558e+00
9.903535e-01 5.736970e-02 -1.088797e+00
9.910815e-01 5.794239e-02 -1.089036e+00
9.918061e-01 5.851254e-02 -1.089273e+00
9.925275e-01 5.908016e-02 -1.089509e+00
9.932457e-01 5.964525e-02 -1.089745e+00
9.939606e-01 6.020784e-02 -1.089980e+00
9.946723e-01 6.076792e-02 -1.090214e+00
9.953809e-01 6.132552e-02 -1.090448e+00
9.960862e-01 6.188063e-02 -1.090680e+00
9.967884e-01 6.243327e-02 -1.090912e+00
9.974874e-01 6.298346e-02 -1.091143e+00
9.981832e-01 6.353119e-02 -1.091373e+00
9.988760e-01 6.407649e-02 -1.091602e+00
9.995656e-01 6.461935e-02 -1.091831e+00
1.000252e+00 6.515980e-02 -1.092059e+00
1.000936e+00 6.569783e-02 -1.092286e+00
1.001616e+00 6.623347e-02 -1.092512e+00
1.002293e+00 6.676671e-02 -1.092737e+00
1.002968e+00 6.729758e-02 -1.092962e+00
1.003639e+00 6.782607e-02 -1.093186e+00
1.004307e+00 6.835220e-02 -1.093409e+00
1.004972e+00 6.887598e-02 -1.093631e+00
1.005634e+00 6.939742e-02 -1.093853e+00
1.006294e+00 6.991653e-02 -1.094073e+00
1.006950e+00 7.043332e-02 -1.094293e+00
1.007603e+00 7.094779e-02 -1.094512e+00
1.008254e+00 7.145996e-02 -1.094731e+00
1.008901e+00 7.196984e-02 -1.094948e+00
1.009546e+00 7.247744e-02 -1.095165e+00
1.010188e+00 7.298275e-02 -1.095381e+00
1.010827e+00 7.348581e-02 -1.095597e+00
1.011463e+00 7.398661e-02 -1.095811e+00
1.012096e+00 7.448516e-02 -1.096025e+00
1.012726e+00 7.498147e-02 -1.096238e+00
1.013353e+00 7.547556e-02 -1.096450e+00
1.013978e+00 7.596743e-02 -1.096662e+00
1.014600e+00 7.645709e-02 -1.096872e+00
1.015219e+00 7.694455e-02 -1.097082e+00
1.015835e+00 7.742981e-02 -1.097292e+00
1.016449e+00 7.791290e-02 -1.097500e+00
1.017059e+00 7.839381e-02 -1.097708e+00
1.017667e+00 7.887256e-02 -1.097915e+00
1.018273e+00 7.934915e-02 -1.098121e+00
1.018875e+00 7.982360e-02 -1.098327e+00
1.019475e+00 8.029591e-02 -1.098531e+00
1.020072e+00 8.076610e-02 -1.098735e+00
1.020667e+00 8.123416e-02 -1.098939e+00
1.021259e+00 8.170011e-02 -1.099141e+00
1.021848e+00 8.216397e-02 -1.099343e+00
1.022435e+00 8.262573e-02 -1.099544e+00
1.023019e+00 8.308540e-02 -1.099745e+00
1.023600e+00 8.354300e-02 -1.099944e+00
1.024179e+00 8.399854e-02 -1.100143e+00
1.024755e+00 8.445201e-02 -1.100341e+00
1.025328e+00 8.490344e-02 -1.100539e+00
1.025899e+00 8.535282e-02 -1.100736e+00
1.026468e+00 8.580018e-02 -1.100932e+00
1.027034e+00 8.624551e-02 -1.101127e+00
1.027597e+00 8.668882e-02 -1.101321e+00
1.028158e+00 8.713013e-02 -1.101515e+00
1.028716e+00 8.756944e-02 -1.101708e+00
1.029272e+00 8.800676e-02 -1.101901e+00
1.029825e+00 8.844210e-02 -1.102093e+00
1.030376e+00 8.887547e-02 -1.102284e+00
1.030925e+00 8.930687e-02 -1.102474e+00
1.031471e+00 8.973631e-02 -1.102664e+00
1.032014e+00 9.016381e-02 -1.102853e+00
1.032555e+00 9.058936e-02 -1.103041e+00
1.033094e+00 9.101299e-02 -1.103228e+00
1.033630e+00 9.143469e-02 -1.103415e+00
1.034164e+00 9.185447e-02 -1.103601e+00
1.034696e+00 9.227235e-02 -1.103787e+00
1.035225e+00 9.268832e-02 -1.103972e+00
1.035752e+00 9.310241e-02 -1.104156e+00
1.036276e+00 9.351461e-02 -1.104339e+00
1.036798e+00 9.392494e-02 -1.104522e+00
1.037318e+00 9.433339e-02 -1.104704e+00
1.037835e+00 9.473999e-02 -1.104885e+00
1.038350e+00 9.514474e-02 -1.105066e+00
1.038863e+00 9.554764e-02 -1.105246e+00
1.039374e+00 9.594871e-02 -1.105425e+00
1.039882e+00 9.634795e-02 -1.105604e+00
1.040388e+00 9.674536e-02 -1.105782e+00
1.040892e+00 9.714097e-02 -1.105959e+00
1.041393e+00 9.753477e-02 -1.106136e+00
1.041893e+00 9.792677e-02 -1.106312e+00
1.042390e+00 9.831698e-02 -1.106487e+00
1.042884e+00 9.870541e-02 -1.106662e+00
1.043377e+00 9.909206e-02 -1.106836e+00
1.043867e+00 9.947695e-02 -1.107009e+00
1.044356e+00 9.986007e-02 -1.107182e+00
1.044842e+00 1.002414e-01 -1.107354e+00
1.045326e+00 1.006211e-01 -1.107525e+00
1.045807e+00 1.009990e-01 -1.107696e+00
1.046287e+00 1.013751e-01 -1.107866e+00
1.046764e+00 1.017496e-01 -1.108035e+00
1.047240e+00 1.021223e-01 -1.108204e+00
1.047713e+00 1.024933e-01 -1.108372e+00
1.048184e+00 1.028626e-01 -1.108540e+00
1.048653e+00 1.032303e-01 -1.108707e+00
1.049120e+00 1.035962e-01 -1.108873e+00
1.049585e+00 1.039604e-01 -1.109039e+00
1.050048e+00 1.043230e-01 -1.109204e+00
1.050508e+00 1.046839e-01 -1.109368e+00
1.050967e+00 1.050432e-01 -1.109532e+00
1.051424e+00 1.054008e-01 -1.109695e+00
1.051878e+00 1.057568e-01 -1.109857e+00
1.052331e+00 1.061111e-01 -1.110019e+00
1.052782e+00 1.064638e-01 -1.110180e+00
1.053230e+00 1.068149e-01 -1.110341e+00
1.053677e+00 1.071644e-01 -1.110501e+00
1.054121e+00 1.075122e-01 -1.110660e+00
1.054564e+00 1.078585e-01 -1.110819e+00
1.055005e+00 1.082031e-01 -1.110977e+00
1.055443e+00 1.085462e-01 -1.111135e+00
1.055880e+00 1.088877e-01 -1.111292e+00
1.056315e+00 1.092276e-01 -1.111448e+00
1.056748e+00 1.095660e-01 -1.111604e+00
1.057179e+00 1.099028e-01 -1.111759e+00
1.057608e+00 1.102380e-01 -1.111914e+00
1.058035e+00 1.105717e-01 -1.112068e+00
1.058460e+00 1.109038e-01 -1.112221e+00
1.058884e+00 1.112344e-01 -1.112374e+00
1.059305e+00 1.115635e-01 -1.112526e+00
1.059725e+00 1.118911e-01 -1.112678e+00
1.060143e+00 1.122171e-01 -1.112829e+00
1.060559e+00 1.125417e-01 -1.112979e+00
1.060973e+00 1.128647e-01 -1.113129e+00
1.061385e+00 1.131863e-01 -1.113278e+00
1.061796e+00 1.135063e-01 -1.113427e+00
1.062204e+00 1.138249e-01 -1.113575e+00
1.062611e+00 1.141420e-01 -1.113722e+00
1.063016e+00 1.144576e-01 -1.113869e+00
1.063419e+00 1.147718e-01 -1.114016e+00
1.063821e+00 1.150845e-01 -1.114161e+00
1.064221e+00 1.153958e-01 -1.114307e+00
1.064618e+00 1.157056e-01 -1.114451e+00
1.065015e+00 1.160140e-01 -1.114596e+00
1.065409e+00 1.163209e-01 -1.114739e+00
1.065802e+00 1.166264e-01 -1.114882e+00
1.066193e+00 1.169305e-01 -1.115024e+00
1.066582e+00 1.172332e-01 -1.115166e+00
1.066969e+00 1.175345e-01 -1.115308e+00
1.067355e+00 1.178344e-01 -1.115448e+00
1.067739e+00 1.181329e-01 -1.115589e+00
1.068122e+00 1.184300e-01 -1.115728e+00
1.068502e+00 1.187257e-01 -1.115867e+00
1.068881e+00 1.190200e-01 -1.116006e+00
1.069259e+00 1.193130e-01 -1.116144e+00
1.069634e+00 1.196046e-01 -1.116282e+00
1.070008e+00 1.198948e-01 -1.116418e+00
1.070381e+00 1.201837e-01 -1.116555e+00
1.070751e+00 1.204712e-01 -1.116691e+00
1.071121e+00 1.207575e-01 -1.116826e+00
1.071488e+00 1.210423e-01 -1.116961e+00
1.071854e+00 1.213259e-01 -1.117095e+00
1.072218e+00 1.216081e-01 -1.117229e+00
1.072581e+00 1.218890e-01 -1.117362e+00
1.072942e+00 1.221685e-01 -1.117495e+00
1.073301e+00 1.224468e-01 -1.117627e+00
1.073659e+00 1.227238e-01 -1.117759e+00
1.074016e+00 1.229995e-01 -1.117890e+00
1.074370e+00 1.232739e-01 -1.118020e+00
1.074723e+00 1.235470e-01 -1.118151e+00
1.075075e+00 1.238188e-01 -1.118280e+00
1.075425e+00 1.240893e-01 -1.118409e+00
1.075774e+00 1.243586e-01 -1.118538e+00
1.076121e+00 1.246267e-01 -1.118666e+00
1.076466e+00 1.248934e-01 -1.118793e+00
1.076810e+00 1.251589e-01 -1.118920e+00
1.077153e+00 1.254232e-01 -1.119047e+00
1.077494e+00 1.256863e-01 -1.119173e+00
1.077833e+00 1.259481e-01 -1.119299e+00
1.078171e+00 1.262086e-01 -1.119424e+00
1.078508e+00 1.264680e-01 -1.119548e+00
1.078843e+00 1.267261e-01 -1.119672e+00
1.079176e+00 1.269830e-01 -1.119796e+00
1.079508e+00 1.272387e-01 -1.119919e+00
1.079839e+00 1.274932e-01 -1.120041e+00
1.080168e+00 1.277465e-01 -1.120163e+00
1.080496e+00 1.279986e-01 -1.120285e+00
1.080822e+00 1.282496e-01 -1.120406e+00
1.081147e+00 1.284993e-01 -1.120527e+00
1.081471e+00 1.287479e-01 -1.120647e+00
1.081793e+00 1.289953e-01 -1.120767e+00
1.082113e+00 1.292415e-01 -1.120886e+00
1.082433e+00 1.294866e-01 -1.121005e+00
1.082751e+00 1.297305e-01 -1.121123e+00
1.083067e+00 1.299733e-01 -1.121241e+00
1.083382e+00 1.302149e-01 -1.121358e+00
1.083696e+00 1.304554e-01 -1.121475e+00
1.084008e+00 1.306947e-01 -1.121591e+00
1.084319e+00 1.309329e-01 -1.121707e+00
1.084629e+00 1.311700e-01 -1.121823e+00
1.084937e+00 1.314060e-01 -1.121938e+00
1.085244e+00 1.316408e-01 -1.122052e+00
1.085550e+00 1.318746e-01 -1.122166e+00
1.085854e+00 1.321072e-01 -1.122280e+00
1.086157e+00 1.323387e-01 -1.122393e+00
1.086458e+00 1.325692e-01 -1.122506e+00
1.086759e+00 1.327985e-01 -1.122618e+00
1.087058e+00 1.330268e-01 -1.122730e+00
1.087355e+00 1.332539e-01 -1.122841e+00
1.087652e+00 1.334800e-01 -1.122952e+00
1.087947e+00 1.337051e-01 -1.123062e+00
1.088241e+00 1.339290e-01 -1.123173e+00
1.088533e+00 1.341519e-01 -1.123282e+00
1.088824e+00 1.343738e-01 -1.123391e+00
1.089114e+00 1.345945e-01 -1.123500e+00
1.089403e+00 1.348143e-01 -1.123608e+00
1.089691e+00 1.350330e-01 -1.123716e+00
1.089977e+00 1.352506e-01 -1.123823e+00
1.090262e+00 1.354672e-01 -1.123930e+00
1.090546e+00 1.356828e-01 -1.124037e+00
1.090828e+00 1.358974e-01 -1.124143e+00
1.091110e+00 1.361109e-01 -1.124249e+00
1.091390e+00 1.363234e-01 -1.124354e+00
1.091669e+00 1.365349e-01 -1.124459e+00
1.091946e+00 1.367454e-01 -1.124563e+00
1.092223e+00 1.369549e-01 -1.124667e+00
1.092498e+00 1.371634e-01 -1.124771e+00
1.092772e+00 1.373709e-01 -1.124874e+00
1.093045e+00 1.375774e-01 -1.124977e+00
1.093317e+00 1.377829e-01 -1.125079e+00
1.093587e+00 1.379875e-01 -1.125181e+00
1.093856e+00 1.381911e-01 -1.125283e+00
1.094125e+00 1.383936e-01 -1.125384e+00
1.094392e+00 1.385953e-01 -1.125484e+00
1.094658e+00 1.387959e-01 -1.125585e+00
1.094922e+00 1.389956e-01 -1.125685e+00
1.095186e+00 1.391944e-01 -1.125784e+00
1.095448e+00 1.393922e-01 -1.125883e+00
1.095710e+00 1.395890e-01 -1.125982e+00
1.095970e+00 1.397849e-01 -1.126080e+00
1.096229e+00 1.399799e-01 -1.126178e+00
1.096487e+00 1.401739e-01 -1.126276e+00
1.096744e+00 1.403670e-01 -1.126373e+00
1.096999e+00 1.405591e-01 -1.126469e+00
1.097254e+00 1.407504e-01 -1.126566e+00
1.097508e+00 1.409407e-01 -1.126662e+00
1.097760e+00 1.411301e-01 -1.126757e+00
1.098011e+00 1.413186e-01 -1.126852e+00
1.098262e+00 1.415062e-01 -1.126947e+00
1.098511e+00 1.416929e-01 -1.127041e+00
1.098759e+00 1.418787e-01 -1.127135e+00
1.099006e+00 1.420636e-01 -1.127229e+00
1.099252e+00 1.422476e-01 -1.127322e+00
1.099497e+00 1.424308e-01 -1.127415e+00
1.099741e+00 1.426130e-01 -1.127508e+00
1.099984e+00 1.427944e-01 -1.127600e+00
1.100226e+00 1.429749e-01 -1.127692e+00
1.100466e+00 1.431545e-01 -1.127783e+00
1.100706e+00 1.433332e-01 -1.127874e+00
1.100945e+00 1.435111e-01 -1.127965e+00
1.101183e+00 1.436881e-01 -1.128055e+00
1.101419e+00 1.438643e-01 -1.128145e+00
1.101655e+00 1.440396e-01 -1.128234e+00
1.101890e+00 1.442141e-01 -1.128324e+00
1.102123e+00 1.443878e-01 -1.128412e+00
1.102356e+00 1.445605e-01 -1.128501e+00
1.102587e+00 1.447325e-01 -1.128589e+00
1.102818e+00 1.449036e-01 -1.128677e+00
1.103048e+00 1.450739e-01 -1.128764e+00
1.103276e+00 1.452434e-01 -1.128851e+00
1.103504e+00 1.454120e-01 -1.128938e+00
1.103731e+00 1.455799e-01 -1.129024e+00
1.103957e+00 1.457469e-01 -1.129110e+00
1.104182e+00 1.459131e-01 -1.129196e+00
1.104405e+00 1.460785e-01 -1.129281e+00
1.104628e+00 1.462431e-01 -1.129366e+00
1.104850e+00 1.464069e-01 -1.129451e+00
1.105071e+00 1.465699e-01 -1.129535e+00
1.105291e+00 1.467321e-01 -1.129619e+00
1.105510e+00 1.468935e-01 -1.129702e+00
1.105729e+00 1.470541e-01 -1.129786e+00
1.105946e+00 1.472139e-01 -1.129869e+00
1.106162e+00 1.473730e-01 -1.129951e+00
1.106378e+00 1.475313e-01 -1.130033e+00
1.106592e+00 1.476888e-01 -1.130115e+00
1.106806e+00 1.478456e-01 -1.130197e+00
1.107018e+00 1.480016e-01 -1.130278e+00
1.107230e+00 1.481568e-01 -1.130359e+00
1.107441e+00 1.483113e-01 -1.130440e+00
1.107651e+00 1.484650e-01 -1.130520e+00
1.107860e+00 1.486179e-01 -1.130600e+00
1.108068e+00 1.487702e-01 -1.130679e+00
1.108276e+00 1.489216e-01 -1.130759e+00
1.108482e+00 1.490724e-01 -1.130838e+00
1.108688e+00 1.492223e-01 -1.130916e+00
1.108893e+00 1.493716e-01 -1.130994e+00
1.109096e+00 1.495201e-01 -1.131072e+00
1.109299e+00 1.496679e-01 -1.131150e+00
1.109502e+00 1.498150e-01 -1.131228e+00
1.109703e+00 1.499613e-01 -1.131305e+00
1.109903e+00 1.501070e-01 -1.131381e+00
1.110103e+00 1.502519e-01 -1.131458e+00
1.110302e+00 1.503961e-01 -1.131534e+00
1.110499e+00 1.505396e-01 -1.131610e+00
1.110697e+00 1.506824e-01 -1.131685e+00
1.110893e+00 1.508245e-01 -1.131760e+00
1.111088e+00 1.509659e-01 -1.131835e+00
1.111283e+00 1.511066e-01 -1.131910e+00
1.111477e+00 1.512465e-01 -1.131984e+00
1.111670e+00 1.513859e-01 -1.132058e+00
1.111862e+00 1.515245e-01 -1.132132e+00
1.112053e+00 1.516624e-01 -1.132205e+00
1.112244e+00 1.517997e-01 -1.132278e+00
1.112433e+00 1.519363e-01 -1.132351e+00
1.112622e+00 1.520722e-01 -1.132424e+00
1.112810e+00 1.522074e-01 -1.132496e+00
1.112998e+00 1.523420e-01 -1.132568e+00
1.113184e+00 1.524759e-01 -1.132639e+00
1.113370e+00 1.526091e-01 -1.132711e+00
1.113555e+00 1.527417e-01 -1.132782e+00
1.113739e+00 1.528736e-01 -1.132853e+00
1.113923e+00 1.530049e-01 -1.132923e+00
1.114106e+00 1.531355e-01 -1.132993e+00
1.114287e+00 1.532655e-01 -1.133063e+00
1.114469e+00 1.533948e-01 -1.133133e+00
1.114649e+00 1.535235e-01 -1.133202e+00
1.114829e+00 1.536515e-01 -1.133271e+00
1.115008e+00 1.537789e-01 -1.133340e+00
1.115186e+00 1.539057e-01 -1.133408e+00
1.115363e+00 1.540318e-01 -1.133477e+00
1.115540e+00 1.541574e-01 -1.133545e+00
1.115716e+00 1.542822e-01 -1.133612e+00
1.115891e+00 1.544065e-01 -1.133680e+00
1.116066e+00 1.545302e-01 -1.133747e+00
1.116239e+00 1.546532e-01 -1.133814e+00
1.116412e+00 1.547756e-01 -1.133880e+00
1.116585e+00 1.548974e-01 -1.133946e+00
1.116756e+00 1.550186e-01 -1.134012e+00
1.116927e+00 1.551392e-01 -1.134078e+00
1.117098e+00 1.552592e-01 -1.134144e+00
1.117267e+00 1.553786e-01 -1.134209e+00
1.117436e+00 1.554974e-01 -1.134274e+00
1.117604e+00 1.556156e-01 -1.134339e+00
1.117771e+00 1.557332e-01 -1.134403e+00
1.117938e+00 1.558502e-01 -1.134467e+00
1.118104e+00 1.559667e-01 -1.134531e+00
1.118269e+00 1.560825e-01 -1.134595e+00
1.118434e+00 1.561978e-01 -1.134658e+00
1.118598e+00 1.563125e-01 -1.134722e+00
1.118761e+00 1.564266e-01 -1.134784e+00
1.118924e+00 1.565401e-01 -1.134847e+00
1.119086e+00 1.566531e-01 -1.134909e+00
1.119247e+00 1.567655e-01 -1.134972e+00
1.119408e+00 1.568773e-01 -1.135034e+00
1.119567e+00 1.569886e-01 -1.135095e+00
1.119727e+00 1.570993e-01 -1.135157e+00
1.119885e+00 1.572095e-01 -1.135218e+00
1.120043e+00 1.573190e-01 -1.135279e+00
1.120201e+00 1.574281e-01 -1.135339e+00
1.120357e+00 1.575366e-01 -1.135400e+00
1.120513e+00 1.576445e-01 -1.135460e+00
1.120669e+00 1.577519e-01 -1.135520e+00
1.120824e+00 1.578588e-01 -1.135579e+00
1.120978e+00 1.579651e-01 -1.135639e+00
1.121131e+00 1.580709e-01 -1.135698e+00
1.121284e+00 1.581761e-01 -1.135757e+00
1.121436e+00 1.582808e-01 -1.135816e+00
1.121588e+00 1.583850e-01 -1.135874e+00
1.121739e+00 1.584886e-01 -1.135933e+00
1.121889e+00 1.585918e-01 -1.135991e+00
1.122039e+00 1.586944e-01 -1.136048e+00
1.122188e+00 1.587964e-01 -1.136106e+00
1.122337e+00 1.588980e-01 -1.136163e+00
1.122485e+00 1.589990e-01 -1.136220e+00
1.122632e+00 1.590995e-01 -1.136277e+00
1.122779e+00 1.591996e-01 -1.136334e+00
1.122925e+00 1.592991e-01 -1.136390e+00
1.123071e+00 1.593981e-01 -1.136446e+00
1.123215e+00 1.594965e-01 -1.136502e+00
1.123360e+00 1.595945e-01 -1.136558e+00
1.123504e+00 1.596920e-01 -1.136614e+00
1.123647e+00 1.597890e-01 -1.136669e+00
1.123789e+00 1.598855e-01 -1.136724e+00
1.123931e+00 1.599815e-01 -1.136779e+00
1.124073e+00 1.600770e-01 -1.136833e+00
1.124214e+00 1.601720e-01 -1.136888e+00
1.124354e+00 1.602665e-01 -1.136942e+00
1.124494e+00 1.603606e-01 -1.136996e+00
1.124633e+00 1.604541e-01 -1.137050e+00
1.124772e+00 1.605472e-01 -1.137103e+00
1.124910e+00 1.606398e-01 -1.137157e+00
1.125047e+00 1.607320e-01 -1.137210e+00
1.125184e+00 1.608236e-01 -1.137263e+00
1.125321e+00 1.609148e-01 -1.137315e+00
1.125457e+00 1.610055e-01 -1.137368e+00
1.125592e+00 1.610957e-01 -1.137420e+00
1.125727e+00 1.611855e-01 -1.137472e+00
1.125861e+00 1.612748e-01 -1.137524e+00
1.125995e+00 1.613637e-01 -1.137576e+00
1.126128e+00 1.614521e-01 -1.137627e+00
1.126260e+00 1.615400e-01 -1.137678e+00
1.126392e+00 1.616275e-01 -1.137729e+00
1.126524e+00 1.617145e-01 -1.137780e+00
1.126655e+00 1.618011e-01 -1.137831e+00
1.126785e+00 1.618872e-01 -1.137881e+00
1.126915e+00 1.619729e-01 -1.137931e+00
1.127045e+00 1.620581e-01 -1.137981e+00
1.127174e+00 1.621429e-01 -1.138031e+00
1.127302e+00 1.622273e-01 -1.138081e+00
1.127430e+00 1.623112e-01 -1.138130e+00
1.127558e+00 1.623946e-01 -1.138179e+00
1.127685e+00 1.624777e-01 -1.138228e+00
1.127811e+00 1.625603e-01 -1.138277e+00
1.127937e+00 1.626425e-01 -1.138326e+00
1.128062e+00 1.627242e-01 -1.138374e+00
1.128187e+00 1.628055e-01 -1.138423e+00
1.128312e+00 1.628864e-01 -1.138471e+00
1.128435e+00 1.629669e-01 -1.138518e+00
1.128559e+00 1.630469e-01 -1.138566e+00
1.128682e+00 1.631266e-01 -1.138614e+00
1.128804e+00 1.632058e-01 -1.138661e+00
1.128926e+00 1.632846e-01 -1.138708e+00
1.129048e+00 1.633629e-01 -1.138755e+00
1.129169e+00 1.634409e-01 -1.138802e+00
1.129289e+00 1.635185e-01 -1.138848e+00
1.129409e+00 1.635956e-01 -1.138895e+00
1.129529e+00 1.636724e-01 -1.138941e+00
1.129648e+00 1.637487e-01 -1.138987e+00
1.129766e+00 1.638246e-01 -1.139033e+00
1.129885e+00 1.639002e-01 -1.139078e+00
1.130002e+00 1.639753e-01 -1.139124e+00
1.130120e+00 1.640501e-01 -1.139169e+00
1.130236e+00 1.641244e-01 -1.139214e+00
1.130353e+00 1.641984e-01 -1.139259e+00
1.130468e+00 1.642719e-01 -1.139304e+00
1.130584e+00 1.643451e-01 -1.139348e+00
1.130699e+00 1.644179e-01 -1.139393e+00
1.130813e+00 1.644903e-01 -1.139437e+00
1.130927e+00 1.645623e-01 -1.139481e+00
1.131041e+00 1.646339e-01 -1.139525e+00
1.131154e+00 1.647052e-01 -1.139569e+00
1.131267e+00 1.647760e-01 -1.139612e+00
1.131379e+00 1.648465e-01 -1.139655e+00
1.131491e+00 1.649166e-01 -1.139699e+00
1.131602e+00 1.649864e-01 -1.139742e+00
1.131713e+00 1.650557e-01 -1.139784e+00
1.131824e+00 1.651247e-01 -1.139827e+00
1.131934e+00 1.651934e-01 -1.139870e+00
1.132044e+00 1.652616e-01 -1.139912e+00
1.132153e+00 1.653295e-01 -1.139954e+00
1.132262e+00 1.653970e-01 -1.139996e+00
1.132370e+00 1.654642e-01 -1.140038e+00
1.132478e+00 1.655310e-01 -1.140080e+00
1.132586e+00 1.655975e-01 -1.140121e+00
1.132693e+00 1.656635e-01 -1.140162e+00
1.132800e+00 1.657293e-01 -1.140204e+00
1.132906e+00 1.657947e-01 -1.140245e+00
1.133012e+00 1.658597e-01 -1.140286e+00
1.133118e+00 1.659244e-01 -1.140326e+00
1.133223e+00 1.659887e-01 -1.140367e+00
1.133327e+00 1.660527e-01 -1.140407e+00
1.133432e+00 1.661163e-01 -1.140447e+00
1.133536e+00 1.661796e-01 -1.140487e+00
1.133639e+00 1.662425e-01 -1.140527e+00
1.133742e+00 1.663051e-01 -1.140567e+00
1.133845e+00 1.663674e-01 -1.140607e+00
1.133947e+00 1.664293e-01 -1.140646e+00
1.134049e+00 1.664909e-01 -1.140686e+00
1.134151e+00 1.665521e-01 -1.140725e+00
1.134252e+00 1.666130e-01 -1.140764e+00
1.134353e+00 1.666736e-01 -1.140802e+00
1.134453e+00 1.667339e-01 -1.140841e+00
1.134553e+00 1.667938e-01 -1.140880e+00
1.134653e+00 1.668534e-01 -1.140918e+00
1.134752e+00 1.669127e-01 -1.140956e+00
1.134851e+00 1.669716e-01 -1.140994e+00
1.134949e+00 1.670302e-01 -1.141032e+00
1.135047e+00 1.670885e-01 -1.141070e+00
1.135145e+00 1.671465e-01 -1.141108e+00
1.135243e+00 1.672042e-01 -1.141145e+00
1.135340e+00 1.672615e-01 -1.141183e+00
1.135436e+00 1.673185e-01 -1.141220e+00
1.135533e+00 1.673752e-01 -1.141257e+00
1.135628e+00 1.674316e-01 -1.141294e+00
1.135724e+00 1.674877e-01 -1.141331e+00
1.135819e+00 1.675435e-01 -1.141367e+00
1.135914e+00 1.675990e-01 -1.141404e+00
1.136009e+00 1.676541e-01 -1.141440e+00
1.136103e+00 1.677090e-01 -1.141476e+00
1.136196e+00 1.677635e-01 -1.141513e+00
1.136290e+00 1.678177e-01 -1.141548e+00
1.136383e+00 1.678717e-01 -1.141584e+00
1.136476e+00 1.679253e-01 -1.141620e+00
1.136568e+00 1.679787e-01 -1.141655e+00
1.136660e+00 1.680317e-01 -1.141691e+00
1.136752e+00 1.680845e-01 -1.141726e+00
1.136843e+00 1.681369e-01 -1.141761e+00
1.136934e+00 1.681891e-01 -1.141796e+00
1.137025e+00 1.682409e-01 -1.141831e+00
1.137115e+00 1.682925e-01 -1.141866e+00
1.137205e+00 1.683438e-01 -1.141900e+00
1.137295e+00 1.683948e-01 -1.141935e+00
1.137384e+00 1.684455e-01 -1.141969e+00
1.137473e+00 1.684959e-01 -1.142003e+00
1.137562e+00 1.685460e-01 -1.142037e+00
1.137650e+00 1.685959e-01 -1.142071e+00
1.137738e+00 1.686455e-01 -1.142105e+00
1.137826e+00 1.686948e-01 -1.142139e+00
1.137913e+00 1.687438e-01 -1.142172e+00
1.138000e+00 1.687925e-01 -1.142206e+00
1.138087e+00 1.688410e-01 -1.142239e+00
1.138173e+00 1.688891e-01 -1.142272e+00
1.138259e+00 1.689371e-01 -1.142305e+00
1.138345e+00 1.689847e-01 -1.142338e+00
1.138431e+00 1.690320e-01 -1.142371e+00
1.138516e+00 1.690791e-01 -1.142404e+00
1.138601e+00 1.691260e-01 -1.142436e+00
1.138685e+00 1.691725e-01 -1.142469e+00
1.138769e+00 1.692188e-01 -1.142501e+00
1.138853e+00 1.692648e-01 -1.142533e+00
1.138937e+00 1.693106e-01 -1.142565e+00
1.139020e+00 1.693561e-01 -1.142597e+00
1.139103e+00 1.694013e-01 -1.142629e+00
1.139186e+00 1.694463e-01 -1.142661e+00
1.139268e+00 1.694910e-01 -1.142692e+00
1.139350e+00 1.695354e-01 -1.142724e+00
1.139432e+00 1.695796e-01 -1.142755e+00
1.139514e+00 1.696236e-01 -1.142786e+00
1.139595e+00 1.696672e-01 -1.142817e+00
1.139676e+00 1.697107e-01 -1.142848e+00
1.139756e+00 1.697539e-01 -1.142879e+00
1.139837e+00 1.697968e-01 -1.142910e+00
1.139917e+00 1.698395e-01 -1.142940e+00
1.139996e+00 1.698819e-01 -1.142971e+00
1.140076e+00 1.699241e-01 -1.143001e+00
1.140155e+00 1.699660e-01 -1.143032e+00
1.140234e+00 1.700077e-01 -1.143062e+00
1.140313e+00 1.700491e-01 -1.143092e+00
1.140391e+00 1.700903e-01 -1.143122e+00
1.140469e+00 1.701313e-01 -1.143152e+00
1.140547e+00 1.701720e-01 -1.143181e+00
1.140624e+00 1.702124e-01 -1.143211e+00
1.140701e+00 1.702527e-01 -1.143241e+00
1.140778e+00 1.702927e-01 -1.143270e+00
1.140855e+00 1.703324e-01 -1.143299e+00
1.140931e+00 1.703720e-01 -1.143328e+00
1.141008e+00 1.704112e-01 -1.143358e+00
1.141083e+00 1.704503e-01 -1.143386e+00
1.141159e+00 1.704891e-01 -1.143415e+00
1.141234e+00 1.705277e-01 -1.143444e+00
1.141309e+00 1.705661e-01 -1.143473e+00
1.141384e+00 1.706042e-01 -1.143501e+00
1.141459e+00 1.706421e-01 -1.143530e+00
1.141533e+00 1.706798e-01 -1.143558e+00
1.141607e+00 1.707172e-01 -1.143586e+00
1.141681e+00 1.707544e-01 -1.143614e+00
1.141754e+00 1.707914e-01 -1.143642e+00
1.141827e+00 1.708282e-01 -1.143670e+00
1.141900e+00 1.708648e-01 -1.143698e+00
1.141973e+00 1.709011e-01 -1.143726e+00
1.142046e+00 1.709372e-01 -1.143753e+00
1.142118e+00 1.709731e-01 -1.143781e+00
1.142190e+00 1.710088e-01 -1.143808e+00
1.142262e+00 1.710442e-01 -1.143836e+00
1.142333e+00 1.710795e-01 -1.143863e+00
1.142404e+00 1.711145e-01 -1.143890e+00
1.142475e+00 1.711493e-01 -1.143917e+00
1.142546e+00 1.711839e-01 -1.143944e+00
1.142616e+00 1.712183e-01 -1.143971e+00
1.142687e+00 1.712525e-01 -1.143997e+00
1.142757e+00 1.712864e-01 -1.144024e+00
1.142826e+00 1.713202e-01 -1.144050e+00
1.142896e+00 1.713537e-01 -1.144077e+00
1.142965e+00 1.713871e-01 -1.144103e+00
1.143034e+00 1.714202e-01 -1.144129e+00
1.143103e+00 1.714531e-01 -1.144156e+00
1.143171e+00 1.714858e-01 -1.144182e+00
1.143240e+00 1.715184e-01 -1.144208e+00
1.143308e+00 1.715507e-01 -1.144233e+00
1.143376e+00 1.715828e-01 -1.144259e+00
1.143443e+00 1.716147e-01 -1.144285e+00
1.143511e+00 1.716464e-01 -1.144310e+00
1.143578e+00 1.716779e-01 -1.144336e+00
1.143645e+00 1.717092e-01 -1.144361e+00
1.143712e+00 1.717403e-01 -1.144387e+00
1.143778e+00 1.717713e-01 -1.144412e+00
1.143844e+00 1.718020e-01 -1.144437e+00
1.143910e+00 1.718325e-01 -1.144462e+00
1.143976e+00 1.718629e-01 -1.144487e+00
1.144042e+00 1.718930e-01 -1.144512e+00
1.144107e+00 1.719230e-01 -1.144536e+00
1.144172e+00 1.719527e-01 -1.144561e+00
1.144237e+00 1.719823e-01 -1.144586e+00
1.144302e+00 1.720117e-01 -1.144610e+00
1.144366e+00 1.720409e-01 -1.144635e+00
1.144431e+00 1.720699e-01 -1.144659e+00
1.144495e+00 1.720987e-01 -1.144683e+00
1.144559e+00 1.721273e-01 -1.144707e+00
1.144622e+00 1.721558e-01 -1.144731e+00
1.144686e+00 1.721841e-01 -1.144755e+00
1.144749e+00 1.722121e-01 -1.144779e+00
1.144812e+00 1.722400e-01 -1.144803e+00
1.144875e+00 1.722678e-01 -1.144827e+00
1.144937e+00 1.722953e-01 -1.144850e+00
1.145000e+00 1.723226e-01 -1.144874e+00
1.145062e+00 1.723498e-01 -1.144897e+00
1.145124e+00 1.723768e-01 -1.144921e+00
1.145186e+00 1.724036e-01 -1.144944e+00
1.145247e+00 1.724303e-01 -1.144967e+00
1.145309e+00 1.724568e-01 -1.144990e+00
1.145370e+00 1.724831e-01 -1.145013e+00
1.145431e+00 1.725092e-01 -1.145036e+00
1.145491e+00 1.725351e-01 -1.145059e+00
1.145552e+00 1.725609e-01 -1.145082e+00
1.145612e+00 1.725865e-01 -1.145105e+00
1.145673e+00 1.726119e-01 -1.145128e+00
1.145732e+00 1.726372e-01 -1.145150e+00
1.145792e+00 1.726623e-01 -1.145173e+00
1.145852e+00 1.726872e-01 -1.145195e+00
1.145911e+00 1.727120e-01 -1.145217e+00
1.145970e+00 1.727366e-01 -1.145240e+00
1.146029e+00 1.727610e-01 -1.145262e+00
1.146088e+00 1.727852e-01 -1.145284e+00
1.146147e+00 1.728093e-01 -1.145306e+00
1.146205e+00 1.728332e-01 -1.145328e+00
1.146264e+00 1.728570e-01 -1.145350e+00
1.146322e+00 1.728806e-01 -1.145372e+00
1.146380e+00 1.729041e-01 -1.145393e+00
1.146437e+00 1.729273e-01 -1.145415e+00
1.146495e+00 1.729504e-01 -1.145437e+00
1.146552e+00 1.729734e-01 -1.145458e+00
1.146609e+00 1.729962e-01 -1.145479e+00
1.146666e+00 1.730188e-01 -1.145501e+00
1.146723e+00 1.730413e-01 -1.145522e+00
1.146780e+00 1.730637e-01 -1.145543e+00
1.146836e+00 1.730858e-01 -1.145564e+00
1.146892e+00 1.731078e-01 -1.145586e+00
1.146948e+00 1.731297e-01 -1.145607e+00
1.147004e+00 1.731514e-01 -1.145627e+00
1.147060e+00 1.731730e-01 -1.145648e+00
1.147115e+00 1.731944e-01 -1.145669e+00
1.147171e+00 1.732156e-01 -1.145690e+00
1.147226e+00 1.732367e-01 -1.145710e+00
1.147281e+00 1.732577e-01 -1.145731e+00
1.147336e+00 1.732785e-01 -1.145752e+00
1.147391e+00 1.732991e-01 -1.145772e+00
1.147445e+00 1.733196e-01 -1.145792e+00
1.147499e+00 1.733400e-01 -1.145813e+00
1.147554e+00 1.733602e-01 -1.145833e+00
1.147608e+00 1.733802e-01 -1.145853e+00
1.147661e+00 1.734001e-01 -1.145873e+00
1.147715e+00 1.734199e-01 -1.145893e+00
1.147769e+00 1.734395e-01 -1.145913e+00
1.147822e+00 1.734590e-01 -1.145933e+00
1.147875e+00 1.734784e-01 -1.145953e+00
1.147928e+00 1.734976e-01 -1.145973e+00
1.147981e+00 1.735166e-01 -1.145992e+00
1.148034e+00 1.735355e-01 -1.146012e+00
1.148086e+00 1.735543e-01 -1.146031e+00
1.148139e+00 1.735729e-01 -1.146051e+00
1.148191e+00 1.735914e-01 -1.146070e+00
1.148243e+00 1.736098e-01 -1.146090e+00
1.148295e+00 1.736280e-01 -1.146109e+00
1.148346e+00 1.736461e-01 -1.146128e+00
1.148398e+00 1.736640e-01 -1.146147e+00
1.148449e+00 1.736818e-01 -1.146166e+00
1.148501e+00 1.736995e-01 -1.146186e+00
1.148552e+00 1.737170e-01 -1.146205e+00
1.148603e+00 1.737344e-01 -1.146223e+00
1.148654e+00 1.737517e-01 -1.146242e+00
1.148704e+00 1.737689e-01 -1.146261e+00
1.148755e+00 1.737859e-01 -1.146280e+00
1.148805e+00 1.738027e-01 -1.146298e+00
1.148855e+00 1.738195e-01 -1.146317e+00
1.148905e+00 1.738361e-01 -1.146336e+00
1.148955e+00 1.738526e-01 -1.146354e+00
1.149005e+00 1.738689e-01 -1.146373e+00
1.149055e+00 1.738852e-01 -1.146391e+00
1.149104e+00 1.739012e-01 -1.146409e+00
1.149153e+00 1.739172e-01 -1.146427e+00
1.149202e+00 1.739331e-01 -1.146446e+00
1.149251e+00 1.739488e-01 -1.146464e+00
1.149300e+00 1.739644e-01 -1.146482e+00
1.149349e+00 1.739798e-01 -1.146500e+00
1.149398e+00 1.739952e-01 -1.146518e+00
1.149446e+00 1.740104e-01 -1.146536e+00
1.149494e+00 1.740255e-01 -1.146554e+00
1.149543e+00 1.740405e-01 -1.146571e+00
1.149591e+00 1.740553e-01 -1.146589e+00
1.149639e+00 1.740700e-01 -1.146607e+00
1.149686e+00 1.740846e-01 -1.146624e+00
1.149734e+00 1.740991e-01 -1.146642e+00
1.149781e+00 1.741135e-01 -1.146659e+00
1.149829e+00 1.741277e-01 -1.146677e+00
1.149876e+00 1.741419e-01 -1.146694e+00
1.149923e+00 1.741559e-01 -1.146712e+00
1.149970e+00 1.741698e-01 -1.146729e+00
1.150017e+00 1.741835e-01 -1.146746e+00
1.150063e+00 1.741972e-01 -1.146763e+00
1.150110e+00 1.742107e-01 -1.146780e+00
1.150156e+00 1.742242e-01 -1.146797e+00
1.150203e+00 1.742375e-01 -1.146814e+00
1.150249e+00 1.742507e-01 -1.146831e+00
1.150295e+00 1.742637e-01 -1.146848e+00
1.150341e+00 1.742767e-01 -1.146865e+00
1.150386e+00 1.742896e-01 -1.146882e+00
1.150432e+00 1.743023e-01 -1.146899e+00
1.150477e+00 1.743149e-01 -1.146915e+00
1.150523e+00 1.743275e-01 -1.146932e+00
1.150568e+00 1.743399e-01 -1.146949e+00
1.150613e+00 1.743522e-01 -1.146965e+00
1.150658e+00 1.743644e-01 -1.146982e+00
1.150703e+00 1.743764e-01 -1.146998e+00
1.150748e+00 1.743884e-01 -1.147014e+00
1.150792e+00 1.744003e-01 -1.147031e+00
1.150837e+00 1.744120e-01 -1.147047e+00
1.150881e+00 1.744237e-01 -1.147063e+00
1.150925e+00 1.744352e-01 -1.147079e+00
1.150970e+00 1.744466e-01 -1.147096e+00
1.151014e+00 1.744579e-01 -1.147112e+00
1.151057e+00 1.744692e-01 -1.147128e+00
1.151101e+00 1.744803e-01 -1.147144e+00
1.151145e+00 1.744913e-01 -1.147160e+00
1.151188e+00 1.745022e-01 -1.147175e+00
1.151232e+00 1.745130e-01 -1.147191e+00
1.151275e+00 1.745237e-01 -1.147207e+00
1.151318e+00 1.745343e-01 -1.147223e+00
1.151361e+00 1.745448e-01 -1.147238e+00
1.151404e+00 1.745552e-01 -1.147254e+00
1.151447e+00 1.745655e-01 -1.147270e+00
1.151490e+00 1.745757e-01 -1.147285e+00
1.151532e+00 1.745858e-01 -1.147301e+00
1.151575e+00 1.745958e-01 -1.147316e+00
1.151617e+00 1.746056e-01 -1.147332e+00
1.151659e+00 1.746154e-01 -1.147347e+00
1.151701e+00 1.746251e-01 -1.147362e+00
1.151743e+00 1.746347e-01 -1.147378e+00
1.151785e+00 1.746442e-01 -1.147393e+00
1.151827e+00 1.746536e-01 -1.147408e+00
1.151869e+00 1.746629e-01 -1.147423e+00
1.151910e+00 1.746721e-01 -1.147438e+00
1.151952e+00 1.746813e-01 -1.147453e+00
1.151993e+00 1.746903e-01 -1.147468e+00
1.152034e+00 1.746992e-01 -1.147483e+00
1.152076e+00 1.747080e-01 -1.147498e+00
1.152117e+00 1.747168e-01 -1.147513e+00
1.152158e+00 1.747254e-01 -1.147528e+00
1.152198e+00 1.747339e-01 -1.147543e+00
1.152239e+00 1.747424e-01 -1.147557e+00
1.152280e+00 1.747508e-01 -1.147572e+00
1.152320e+00 1.747590e-01 -1.147587e+00
1.152361e+00 1.747672e-01 -1.147601e+00
1.152401e+00 1.747753e-01 -1.147616e+00
1.152441e+00 1.747833e-01 -1.147630e+00
1.152481e+00 1.747912e-01 -1.147645e+00
1.152521e+00 1.747990e-01 -1.147659e+00
1.152561e+00 1.748067e-01 -1.147674e+00
1.152601e+00 1.748144e-01 -1.147688e+00
1.152641e+00 1.748219e-01 -1.147702e+00
1.152680e+00 1.748294e-01 -1.147717e+00
1.152720e+00 1.748368e-01 -1.147731e+00
1.152759e+00 1.748441e-01 -1.147745e+00
1.152798e+00 1.748513e-01 -1.147759e+00
1.152838e+00 1.748584e-01 -1.147773e+00
1.152877e+00 1.748654e-01 -1.147787e+00
1.152916e+00 1.748723e-01 -1.147801e+00
1.152954e+00 1.748792e-01 -1.147815e+00
1.152993e+00 1.748860e-01 -1.147829e+00
1.153032e+00 1.748927e-01 -1.147843e+00
1.153071e+00 1.748993e-01 -1.147857e+00
1.153109e+00 1.749058e-01 -1.147871e+00
1.153147e+00 1.749122e-01 -1.147885e+00
1.153186e+00 1.749186e-01 -1.147898e+00
1.153224e+00 1.749248e-01 -1.147912e+00
1.153262e+00 1.749310e-01 -1.147926e+00
1.153300e+00 1.749371e-01 -1.147939e+00
1.153338e+00 1.749432e-01 -1.147953e+00
1.153376e+00 1.749491e-01 -1.147966e+00
1.153414e+00 1.749550e-01 -1.147980e+00
1.153451e+00 1.749608e-01 -1.147993e+00
1.153489e+00 1.749665e-01 -1.148007e+00
1.153526e+00 1.749721e-01 -1.148020e+00
1.153564e+00 1.749776e-01 -1.148034e+00
1.153601e+00 1.749831e-01 -1.148047e+00
1.153638e+00 1.749885e-01 -1.148060e+00
1.153676e+00 1.749938e-01 -1.148074e+00
1.153713e+00 1.749990e-01 -1.148087e+00
1.153749e+00 1.750042e-01 -1.148100e+00
1.153786e+00 1.750092e-01 -1.148113e+00
1.153823e+00 1.750142e-01 -1.148126e+00
1.153860e+00 1.750192e-01 -1.148139e+00
1.153896e+00 1.750240e-01 -1.148152e+00
1.153933e+00 1.750288e-01 -1.148165e+00
1.153969e+00 1.750335e-01 -1.148178e+00
1.154006e+00 1.750381e-01 -1.148191e+00
1.154042e+00 1.750426e-01 -1.148204e+00
1.154078e+00 1.750471e-01 -1.148217e+00
1.154114e+00 1.750515e-01 -1.148230e+00
1.154150e+00 1.750558e-01 -1.148243e+00
1.154186e+00 1.750601e-01 -1.148255e+00
1.154222e+00 1.750643e-01 -1.148268e+00
1.154258e+00 1.750684e-01 -1.148281e+00
1.154293e+00 1.750724e-01 -1.148293e+00
1.154329e+00 1.750764e-01 -1.148306e+00
1.154365e+00 1.750802e-01 -1.148319e+00
1.154400e+00 1.750841e-01 -1.148331e+00
1.154435e+00 1.750878e-01 -1.148344e+00
1.154471e+00 1.750915e-01 -1.148356e+00
1.154506e+00 1.750951e-01 -1.148369e+00
1.154541e+00 1.750986e-01 -1.148381e+00
1.154576e+00 1.751021e-01 -1.148394e+00
1.154611e+00 1.751055e-01 -1.148406e+00
1.154646e+00 1.751088e-01 -1.148418e+00
1.154680e+00 1.751121e-01 -1.148431e+00
1.154715e+00 1.751153e-01 -1.148443e+00
1.154750e+00 1.751184e-01 -1.148455e+00
1.154784e+00 1.751215e-01 -1.148467e+00
1.154819e+00 1.751244e-01 -1.148479e+00
1.154853e+00 1.751274e-01 -1.148492e+00
1.154888e+00 1.751302e-01 -1.148504e+00
1.154922e+00 1.751330e-01 -1.148516e+00
1.154956e+00 1.751357e-01 -1.148528e+00
1.154990e+00 1.751384e-01 -1.148540e+00
1.155024e+00 1.751410e-01 -1.148552e+00
1.155058e+00 1.751435e-01 -1.148564e+00
1.155092e+00 1.751459e-01 -1.148576e+00
1.155126e+00 1.751483e-01 -1.148587e+00
1.155160e+00 1.751507e-01 -1.148599e+00
1.155193e+00 1.751529e-01 -1.148611e+00
1.155227e+00 1.751551e-01 -1.148623e+00
1.155260e+00 1.751573e-01 -1.148635e+00
1.155294e+00 1.751594e-01 -1.148646e+00
1.155327e+00 1.751614e-01 -1.148658e+00
1.155360e+00 1.751633e-01 -1.148670e+00
1.155394e+00 1.751652e-01 -1.148681e+00
1.155427e+00 1.751670e-01 -1.148693e+00
1.155460e+00 1.751688e-01 -1.148705e+00
1.155493e+00 1.751705e-01 -1.148716e+00
1.155526e+00 1.751721e-01 -1.148728e+00
1.155559e+00 1.751737e-01 -1.148739e+00
1.155592e+00 1.751752e-01 -1.148751e+00
1.155624e+00 1.751767e-01 -1.148762e+00
1.155657e+00 1.751781e-01 -1.148774e+00
1.155690e+00 1.751794e-01 -1.148785e+00
1.155722e+00 1.751807e-01 -1.148796e+00
1.155755e+00 1.751819e-01 -1.148808e+00
1.155787e+00 1.751831e-01 -1.148819e+00
1.155819e+00 1.751842e-01 -1.148830e+00
1.155852e+00 1.751852e-01 -1.148842e+00
1.155884e+00 1.751862e-01 -1.148853e+00
1.155916e+00 1.751872e-01 -1.148864e+00
1.155948e+00 1.751880e-01 -1.148875e+00
1.155980e+00 1.751888e-01 -1.148886e+00
1.156012e+00 1.751896e-01 -1.148897e+00
1.156044e+00 1.751903e-01 -1.148909e+00
1.156076e+00 1.751909e-01 -1.148920e+00
1.156107e+00 1.751915e-01 -1.148931e+00
1.156139e+00 1.751921e-01 -1.148942e+00
1.156171e+00 1.751925e-01 -1.148953e+00
1.156202e+00 1.751929e-01 -1.148964e+00
1.156234e+00 1.751933e-01 -1.148975e+00
1.156265e+00 1.751936e-01 -1.148985e+00
1.156297e+00 1.751939e-01 -1.148996e+00
1.156328e+00 1.751941e-01 -1.149007e+00
1.156359e+00 1.751942e-01 -1.149018e+00
1.156390e+00 1.751943e-01 -1.149029e+00
1.156421e+00 1.751943e-01 -1.149040e+00
1.156452e+00 1.751943e-01 -1.149050e+00
1.156483e+00 1.751943e-01 -1.149061e+00
1.156514e+00 1.751941e-01 -1.149072e+00
1.156545e+00 1.751940e-01 -1.149082e+00
1.156576e+00 1.751937e-01 -1.149093e+00
1.156607e+00 1.751934e-01 -1.149104e+00
1.156638e+00 1.751931e-01 -1.149114e+00
1.156668e+00 1.751927e-01 -1.149125e+00
1.156699e+00 1.751923e-01 -1.149135e+00
1.156729e+00 1.751918e-01 -1.149146e+00
1.156760e+00 1.751913e-01 -1.149156e+00
1.156790e+00 1.751907e-01 -1.149167e+00
1.156821e+00 1.751900e-01 -1.149177e+00
1.156851e+00 1.751893e-01 -1.149188e+00
1.156881e+00 1.751886e-01 -1.149198e+00
1.156911e+00 1.751878e-01 -1.149209e+00
1.156941e+00 1.751870e-01 -1.149219e+00
1.156972e+00 1.751861e-01 -1.149229e+00
1.157002e+00 1.751851e-01 -1.149240e+00
1.157031e+00 1.751842e-01 -1.149250e+00
1.157061e+00 1.751831e-01 -1.149260e+00
1.157091e+00 1.751820e-01 -1.149270e+00
1.157121e+00 1.751809e-01 -1.149281e+00
1.157151e+00 1.751797e-01 -1.149291e+00
1.157180e+00 1.751785e-01 -1.149301e+00
1.157210e+00 1.751772e-01 -1.149311e+00
1.157240e+00 1.751759e-01 -1.149321e+00
1.157269e+00 1.751745e-01 -1.149332e+00
1.157299e+00 1.751731e-01 -1.149342e+00
1.157328e+00 1.751716e-01 -1.149352e+00
1.157357e+00 1.751701e-01 -1.149362e+00
1.157387e+00 1.751686e-01 -1.149372e+00
1.157416e+00 1.751669e-01 -1.149382e+00
1.157445e+00 1.751653e-01 -1.149392e+00
1.157474e+00 1.751636e-01 -1.149402e+00
1.157503e+00 1.751619e-01 -1.149412e+00
1.157533e+00 1.751601e-01 -1.149422e+00
1.157562e+00 1.751582e-01 -1.149431e+00
1.157590e+00 1.751564e-01 -1.149441e+00
1.157619e+00 1.751544e-01 -1.149451e+00
1.157648e+00 1.751525e-01 -1.149461e+00
1.157677e+00 1.751505e-01 -1.149471e+00
1.157706e+00 1.751484e-01 -1.149481e+00
1.157734e+00 1.751463e-01 -1.149490e+00
1.157763e+00 1.751442e-01 -1.149500e+00
1.157792e+00 1.751420e-01 -1.149510e+00
1.157820e+00 1.751397e-01 -1.149520e+00
1.157849e+00 1.751375e-01 -1.149529e+00
1.157877e+00 1.751351e-01 -1.149539e+00
1.157906e+00 1.751328e-01 -1.149549e+00
1.157934e+00 1.751304e-01 -1.149558e+00
1.157962e+00 1.751279e-01 -1.149568e+00
1.157991e+00 1.751255e-01 -1.149577e+00
1.158019e+00 1.751229e-01 -1.149587e+00
1.158047e+00 1.751204e-01 -1.149597e+00
1.158075e+00 1.751178e-01 -1.149606e+00
1.158103e+00 1.751151e-01 -1.149616e+00
1.158131e+00 1.751124e-01 -1.149625e+00
1.158159e+00 1.751097e-01 -1.149635e+00
1.158187e+00 1.751069e-01 -1.149644e+00
1.158215e+00 1.751041e-01 -1.149653e+00
1.158243e+00 1.751012e-01 -1.149663e+00
1.158271e+00 1.750983e-01 -1.149672e+00
1.158298e+00 1.750954e-01 -1.149682e+00
1.158326e+00 1.750924e-01 -1.149691e+00
1.158354e+00 1.750894e-01 -1.149700e+00
1.158381e+00 1.750863e-01 -1.149710e+00
1.158409e+00 1.750833e-01 -1.149719e+00
1.158436e+00 1.750801e-01 -1.149728e+00
1.158464e+00 1.750769e-01 -1.149737e+00
1.158491e+00 1.750737e-01 -1.149747e+00
1.158519e+00 1.750705e-01 -1.149756e+00
1.158546e+00 1.750672e-01 -1.149765e+00
1.158573e+00 1.750639e-01 -1.149774e+00
1.158601e+00 1.750605e-01 -1.149784e+00
1.158628e+00 1.750571e-01 -1.149793e+00
1.158655e+00 1.750537e-01 -1.149802e+00
1.158682e+00 1.750502e-01 -1.149811e+00
1.158709e+00 1.750467e-01 -1.149820e+00
1.158736e+00 1.750431e-01 -1.149829e+00
1.158763e+00 1.750395e-01 -1.149838e+00
1.158790e+00 1.750359e-01 -1.149847e+00
1.158817e+00 1.750322e-01 -1.149856e+00
1.158844e+00 1.750285e-01 -1.149865e+00
1.158871e+00 1.750248e-01 -1.149874e+00
1.158898e+00 1.750210e-01 -1.149883e+00
1.158925e+00 1.750172e-01 -1.149892e+00
1.158951e+00 1.750134e-01 -1.149901e+00
1.158978e+00 1.750095e-01 -1.149910e+00
1.159005e+00 1.750056e-01 -1.149919e+00
1.159031e+00 1.750016e-01 -1.149928e+00
1.159058e+00 1.749977e-01 -1.149937e+00
1.159084e+00 1.749936e-01 -1.149946e+00
1.159111e+00 1.749896e-01 -1.149955e+00
1.159137e+00 1.749855e-01 -1.149963e+00
1.159164e+00 1.749814e-01 -1.149972e+00
1.159190e+00 1.749772e-01 -1.149981e+00
1.159216e+00 1.749730e-01 -1.149990e+00
1.159243e+00 1.749688e-01 -1.149999e+00
1.159269e+00 1.749645e-01 -1.150007e+00
1.159295e+00 1.749602e-01 -1.150016e+00
1.159321e+00 1.749559e-01 -1.150025e+00
1.159347e+00 1.749516e-01 -1.150033e+00
1.159373e+00 1.749472e-01 -1.150042e+00
1.159400e+00 1.749427e-01 -1.150051e+00
1.159426e+00 1.749383e-01 -1.150059e+00
1.159452e+00 1.749338e-01 -1.150068e+00
1.159477e+00 1.749293e-01 -1.150077e+00
1.159503e+00 1.749247e-01 -1.150085e+00
1.159529e+00 1.749201e-01 -1.150094e+00
1.159555e+00 1.749155e-01 -1.150103e+00
1.159581e+00 1.749108e-01 -1.150111e+00
1.159607e+00 1.749061e-01 -1.150120e+00
1.159632e+00 1.749014e-01 -1.150128e+00
1.159658e+00 1.748967e-01 -1.150137e+00
1.159684e+00 1.748919e-01 -1.150145e+00
1.159709e+00 1.748871e-01 -1.150154e+00
1.159735e+00 1.748822e-01 -1.150162e+00
1.159761e+00 1.748774e-01 -1.150171e+00
1.159786e+00 1.748725e-01 -1.150179e+00
1.159812e+00 1.748675e-01 -1.150187e+00
1.159837e+00 1.748626e-01 -1.150196e+00
1.159862e+00 1.748576e-01 -1.150204e+00
1.159888e+00 1.748525e-01 -1.150213e+00
1.159913e+00 1.748475e-01 -1.150221e+00
1.159938e+00 1.748424e-01 -1.150229e+00
1.159964e+00 1.748373e-01 -1.150238e+00
1.159989e+00 1.748321e-01 -1.150246e+00
1.160014e+00 1.748269e-01 -1.150254e+00
1.160039e+00 1.748217e-01 -1.150263e+00
1.160064e+00 1.748165e-01 -1.150271e+00
1.160090e+00 1.748112e-01 -1.150279e+00
1.160115e+00 1.748059e-01 -1.150288e+00
1.160140e+00 1.748006e-01 -1.150296e+00
1.160165e+00 1.747953e-01 -1.150304e+00
1.160190e+00 1.747899e-01 -1.150312e+00
1.160215e+00 1.747845e-01 -1.150320e+00
1.160240e+00 1.747790e-01 -1.150329e+00
1.160264e+00 1.747736e-01 -1.150337e+00
1.160289e+00 1.747681e-01 -1.150345e+00
