9.146412e-01 8.727901e-01 -7.602170e-02
9.191814e-01 8.754589e-01 -7.221873e-02
9.236237e-01 8.780099e-01 -6.858609e-02
9.279709e-01 8.804467e-01 -6.511889e-02
9.322257e-01 8.827726e-01 -6.181238e-02
9.363910e-01 8.849908e-01 -5.866196e-02
9.404694e-01 8.871046e-01 -5.566315e-02
9.444636e-01 8.891171e-01 -5.281158e-02
9.483760e-01 8.910314e-01 -5.010302e-02
9.522092e-01 8.928503e-01 -4.753334e-02
9.559655e-01 8.945769e-01 -4.509853e-02
9.596474e-01 8.962140e-01 -4.279471e-02
9.632571e-01 8.977642e-01 -4.061808e-02
9.667969e-01 8.992303e-01 -3.856496e-02
9.702689e-01 9.006148e-01 -3.663178e-02
9.736752e-01 9.019204e-01 -3.481504e-02
9.770180e-01 9.031495e-01 -3.311137e-02
9.802992e-01 9.043045e-01 -3.151748e-02
9.835208e-01 9.053877e-01 -3.003017e-02
9.866848e-01 9.064014e-01 -2.864634e-02
9.897928e-01 9.073479e-01 -2.736296e-02
9.928469e-01 9.082293e-01 -2.617709e-02
9.958486e-01 9.090478e-01 -2.508589e-02
9.987998e-01 9.098052e-01 -2.408657e-02
1.001702e+00 9.105038e-01 -2.317645e-02
1.004557e+00 9.111453e-01 -2.235290e-02
1.007366e+00 9.117318e-01 -2.161337e-02
1.010131e+00 9.122649e-01 -2.095539e-02
1.012853e+00 9.127466e-01 -2.037656e-02
1.015534e+00 9.131785e-01 -1.987453e-02
1.018175e+00 9.135623e-01 -1.944703e-02
1.020778e+00 9.138996e-01 -1.909186e-02
1.023343e+00 9.141921e-01 -1.880686e-02
1.025872e+00 9.144413e-01 -1.858996e-02
1.028366e+00 9.146487e-01 -1.843913e-02
1.030827e+00 9.148158e-01 -1.835239e-02
1.033256e+00 9.149440e-01 -1.832784e-02
1.035653e+00 9.150346e-01 -1.836362e-02
1.038021e+00 9.150890e-01 -1.845792e-02
1.040359e+00 9.151086e-01 -1.860898e-02
1.042669e+00 9.150945e-01 -1.881510e-02
1.044952e+00 9.150480e-01 -1.907462e-02
1.047209e+00 9.149703e-01 -1.938594e-02
1.049441e+00 9.148626e-01 -1.974748e-02
1.051649e+00 9.147260e-01 -2.015773e-02
1.053834e+00 9.145615e-01 -2.061521e-02
1.055995e+00 9.143702e-01 -2.111849e-02
1.058136e+00 9.141533e-01 -2.166617e-02
1.060255e+00 9.139115e-01 -2.225690e-02
1.062355e+00 9.136460e-01 -2.288936e-02
1.064435e+00 9.133577e-01 -2.356228e-02
1.066496e+00 9.130474e-01 -2.427441e-02
1.068540e+00 9.127161e-01 -2.502454e-02
1.070566e+00 9.123647e-01 -2.581151e-02
1.072576e+00 9.119939e-01 -2.663418e-02
1.074570e+00 9.116045e-01 -2.749143e-02
1.076549e+00 9.111974e-01 -2.838219e-02
1.078513e+00 9.107733e-01 -2.930543e-02
1.080463e+00 9.103330e-01 -3.026011e-02
1.082399e+00 9.098771e-01 -3.124527e-02
1.084322e+00 9.094064e-01 -3.225994e-02
1.086233e+00 9.089215e-01 -3.330319e-02
1.088132e+00 9.084230e-01 -3.437411e-02
1.090019e+00 9.079117e-01 -3.547184e-02
1.091895e+00 9.073881e-01 -3.659550e-02
1.093761e+00 9.068528e-01 -3.774429e-02
1.095616e+00 9.063064e-01 -3.891739e-02
1.097461e+00 9.057494e-01 -4.011401e-02
1.099297e+00 9.051824e-01 -4.133340e-02
1.101125e+00 9.046059e-01 -4.257483e-02
1.102943e+00 9.040204e-01 -4.383756e-02
1.104753e+00 9.034264e-01 -4.512091e-02
1.106556e+00 9.028243e-01 -4.642420e-02
1.108351e+00 9.022147e-01 -4.774677e-02
1.110138e+00 9.015980e-01 -4.908797e-02
1.111919e+00 9.009745e-01 -5.044719e-02
1.113693e+00 9.003448e-01 -5.182383e-02
1.115460e+00 8.997092e-01 -5.321730e-02
1.117222e+00 8.990681e-01 -5.462702e-02
1.118978e+00 8.984219e-01 -5.605244e-02
1.120728e+00 8.977710e-01 -5.749303e-02
1.122473e+00 8.971156e-01 -5.894826e-02
1.124212e+00 8.964562e-01 -6.041762e-02
1.125947e+00 8.957931e-01 -6.190062e-02
1.127677e+00 8.951265e-01 -6.339677e-02
1.129403e+00 8.944569e-01 -6.490562e-02
1.131125e+00 8.937845e-01 -6.642671e-02
1.132842e+00 8.931095e-01 -6.795959e-02
1.134556e+00 8.924324e-01 -6.950384e-02
1.136266e+00 8.917532e-01 -7.105904e-02
1.137972e+00 8.910724e-01 -7.262479e-02
1.139675e+00 8.903901e-01 -7.420069e-02
1.141375e+00 8.897066e-01 -7.578637e-02
1.143072e+00 8.890221e-01 -7.738144e-02
1.144765e+00 8.883369e-01 -7.898555e-02
1.146456e+00 8.876511e-01 -8.059834e-02
1.148144e+00 8.869651e-01 -8.221948e-02
1.149830e+00 8.862789e-01 -8.384863e-02
1.151513e+00 8.855927e-01 -8.548547e-02
1.153194e+00 8.849069e-01 -8.712969e-02
1.154873e+00 8.842215e-01 -8.878097e-02
1.156549e+00 8.835367e-01 -9.043903e-02
1.158223e+00 8.828527e-01 -9.210357e-02
1.159896e+00 8.821696e-01 -9.377432e-02
1.161566e+00 8.814877e-01 -9.545100e-02
1.163235e+00 8.808070e-01 -9.713334e-02
1.164902e+00 8.801278e-01 -9.882109e-02
1.166567e+00 8.794500e-01 -1.005140e-01
1.168231e+00 8.787740e-01 -1.022118e-01
1.169893e+00 8.780998e-01 -1.039143e-01
1.171553e+00 8.774275e-01 -1.056212e-01
1.173212e+00 8.767572e-01 -1.073324e-01
1.174870e+00 8.760892e-01 -1.090476e-01
1.176526e+00 8.754234e-01 -1.107665e-01
1.178181e+00 8.747600e-01 -1.124890e-01
1.179835e+00 8.740990e-01 -1.142149e-01
1.181488e+00 8.734407e-01 -1.159440e-01
1.183139e+00 8.727850e-01 -1.176761e-01
1.184789e+00 8.721321e-01 -1.194110e-01
1.186438e+00 8.714821e-01 -1.211485e-01
1.188086e+00 8.708350e-01 -1.228885e-01
1.189733e+00 8.701908e-01 -1.246307e-01
1.191378e+00 8.695498e-01 -1.263751e-01
1.193023e+00 8.689120e-01 -1.281214e-01
1.194667e+00 8.682773e-01 -1.298695e-01
1.196309e+00 8.676460e-01 -1.316193e-01
1.197951e+00 8.670180e-01 -1.333705e-01
1.199591e+00 8.663934e-01 -1.351231e-01
1.201231e+00 8.657723e-01 -1.368769e-01
1.202869e+00 8.651547e-01 -1.386318e-01
1.204507e+00 8.645406e-01 -1.403876e-01
1.206143e+00 8.639302e-01 -1.421442e-01
1.207779e+00 8.633235e-01 -1.439015e-01
1.209413e+00 8.627204e-01 -1.456593e-01
1.211046e+00 8.621211e-01 -1.474176e-01
1.212679e+00 8.615256e-01 -1.491762e-01
1.214310e+00 8.609340e-01 -1.509350e-01
1.215941e+00 8.603461e-01 -1.526939e-01
1.217570e+00 8.597622e-01 -1.544527e-01
1.219198e+00 8.591822e-01 -1.562115e-01
1.220826e+00 8.586061e-01 -1.579700e-01
1.222452e+00 8.580340e-01 -1.597282e-01
1.224077e+00 8.574659e-01 -1.614859e-01
1.225701e+00 8.569019e-01 -1.632432e-01
1.227324e+00 8.563418e-01 -1.649998e-01
1.228946e+00 8.557858e-01 -1.667557e-01
1.230566e+00 8.552339e-01 -1.685109e-01
1.232186e+00 8.546861e-01 -1.702651e-01
1.233804e+00 8.541425e-01 -1.720184e-01
1.235421e+00 8.536029e-01 -1.737707e-01
1.237037e+00 8.530674e-01 -1.755218e-01
1.238652e+00 8.525361e-01 -1.772718e-01
1.240265e+00 8.520090e-01 -1.790205e-01
1.241877e+00 8.514860e-01 -1.807678e-01
1.243488e+00 8.509672e-01 -1.825137e-01
1.245097e+00 8.504525e-01 -1.842581e-01
1.246706e+00 8.499421e-01 -1.860010e-01
1.248312e+00 8.494358e-01 -1.877423e-01
1.249918e+00 8.489337e-01 -1.894818e-01
1.251522e+00 8.484358e-01 -1.912197e-01
1.253124e+00 8.479420e-01 -1.929557e-01
1.254725e+00 8.474524e-01 -1.946898e-01
1.256325e+00 8.469671e-01 -1.964220e-01
1.257923e+00 8.464858e-01 -1.981523e-01
1.259519e+00 8.460088e-01 -1.998805e-01
1.261114e+00 8.455359e-01 -2.016066e-01
1.262707e+00 8.450672e-01 -2.033305e-01
1.264299e+00 8.446027e-01 -2.050523e-01
1.265889e+00 8.441423e-01 -2.067718e-01
1.267477e+00 8.436860e-01 -2.084890e-01
1.269064e+00 8.432339e-01 -2.102038e-01
1.270649e+00 8.427859e-01 -2.119163e-01
1.272232e+00 8.423420e-01 -2.136263e-01
1.273813e+00 8.419022e-01 -2.153339e-01
1.275393e+00 8.414665e-01 -2.170389e-01
1.276971e+00 8.410349e-01 -2.187414e-01
1.278546e+00 8.406074e-01 -2.204413e-01
1.280120e+00 8.401839e-01 -2.221385e-01
1.281692e+00 8.397645e-01 -2.238330e-01
1.283263e+00 8.393491e-01 -2.255248e-01
1.284831e+00 8.389377e-01 -2.272139e-01
1.286397e+00 8.385304e-01 -2.289001e-01
1.287961e+00 8.381270e-01 -2.305835e-01
1.289523e+00 8.377276e-01 -2.322641e-01
1.291083e+00 8.373321e-01 -2.339418e-01
1.292641e+00 8.369406e-01 -2.356165e-01
1.294197e+00 8.365530e-01 -2.372882e-01
1.295750e+00 8.361693e-01 -2.389570e-01
1.297301e+00 8.357895e-01 -2.406227e-01
1.298851e+00 8.354136e-01 -2.422854e-01
1.300398e+00 8.350416e-01 -2.439450e-01
1.301942e+00 8.346733e-01 -2.456015e-01
1.303485e+00 8.343089e-01 -2.472549e-01
1.305025e+00 8.339483e-01 -2.489050e-01
1.306563e+00 8.335915e-01 -2.505520e-01
1.308098e+00 8.332385e-01 -2.521958e-01
1.309631e+00 8.328891e-01 -2.538363e-01
1.311162e+00 8.325436e-01 -2.554736e-01
1.312690e+00 8.322017e-01 -2.571076e-01
1.314215e+00 8.318635e-01 -2.587382e-01
1.315739e+00 8.315289e-01 -2.603656e-01
1.317259e+00 8.311981e-01 -2.619896e-01
1.318778e+00 8.308708e-01 -2.636101e-01
1.320293e+00 8.305471e-01 -2.652273e-01
1.321806e+00 8.302271e-01 -2.668411e-01
1.323317e+00 8.299105e-01 -2.684515e-01
1.324825e+00 8.295976e-01 -2.700584e-01
1.326330e+00 8.292881e-01 -2.716618e-01
1.327832e+00 8.289821e-01 -2.732617e-01
1.329332e+00 8.286796e-01 -2.748581e-01
1.330829e+00 8.283806e-01 -2.764510e-01
1.332324e+00 8.280850e-01 -2.780403e-01
1.333815e+00 8.277928e-01 -2.796261e-01
1.335304e+00 8.275040e-01 -2.812083e-01
1.336790e+00 8.272186e-01 -2.827869e-01
1.338274e+00 8.269365e-01 -2.843619e-01
1.339754e+00 8.266578e-01 -2.859333e-01
1.341232e+00 8.263823e-01 -2.875010e-01
1.342706e+00 8.261101e-01 -2.890651e-01
1.344178e+00 8.258412e-01 -2.906255e-01
1.345647e+00 8.255756e-01 -2.921823e-01
1.347113e+00 8.253131e-01 -2.937354e-01
1.348576e+00 8.250538e-01 -2.952847e-01
1.350036e+00 8.247977e-01 -2.968304e-01
1.351493e+00 8.245448e-01 -2.983723e-01
1.352948e+00 8.242949e-01 -2.999105e-01
1.354399e+00 8.240482e-01 -3.014450e-01
1.355847e+00 8.238046e-01 -3.029757e-01
1.357292e+00 8.235640e-01 -3.045026e-01
1.358734e+00 8.233264e-01 -3.060258e-01
1.360172e+00 8.230919e-01 -3.075452e-01
1.361608e+00 8.228603e-01 -3.090607e-01
1.363041e+00 8.226318e-01 -3.105725e-01
1.364470e+00 8.224061e-01 -3.120805e-01
1.365897e+00 8.221834e-01 -3.135846e-01
1.367320e+00 8.219636e-01 -3.150849e-01
1.368740e+00 8.217467e-01 -3.165814e-01
1.370157e+00 8.215327e-01 -3.180741e-01
1.371570e+00 8.213215e-01 -3.195629e-01
1.372981e+00 8.211131e-01 -3.210478e-01
1.374388e+00 8.209075e-01 -3.225289e-01
1.375792e+00 8.207046e-01 -3.240061e-01
1.377193e+00 8.205045e-01 -3.254794e-01
1.378590e+00 8.203072e-01 -3.269488e-01
1.379984e+00 8.201126e-01 -3.284144e-01
1.381375e+00 8.199206e-01 -3.298761e-01
1.382762e+00 8.197313e-01 -3.313338e-01
1.384147e+00 8.195447e-01 -3.327877e-01
1.385527e+00 8.193606e-01 -3.342376e-01
1.386905e+00 8.191792e-01 -3.356837e-01
1.388279e+00 8.190004e-01 -3.371258e-01
1.389650e+00 8.188241e-01 -3.385640e-01
1.391017e+00 8.186503e-01 -3.399983e-01
1.392381e+00 8.184791e-01 -3.414287e-01
1.393742e+00 8.183103e-01 -3.428551e-01
1.395099e+00 8.181441e-01 -3.442776e-01
1.396453e+00 8.179803e-01 -3.456961e-01
1.397804e+00 8.178189e-01 -3.471107e-01
1.399151e+00 8.176599e-01 -3.485214e-01
1.400494e+00 8.175034e-01 -3.499281e-01
1.401834e+00 8.173492e-01 -3.513309e-01
1.403171e+00 8.171973e-01 -3.527297e-01
1.404504e+00 8.170478e-01 -3.541246e-01
1.405834e+00 8.169006e-01 -3.555155e-01
1.407160e+00 8.167557e-01 -3.569025e-01
1.408482e+00 8.166130e-01 -3.582855e-01
1.409802e+00 8.164726e-01 -3.596645e-01
1.411117e+00 8.163345e-01 -3.610396e-01
1.412430e+00 8.161985e-01 -3.624107e-01
1.413738e+00 8.160648e-01 -3.637779e-01
1.415043e+00 8.159332e-01 -3.651411e-01
1.416345e+00 8.158038e-01 -3.665003e-01
1.417643e+00 8.156765e-01 -3.678556e-01
1.418938e+00 8.155513e-01 -3.692069e-01
1.420229e+00 8.154282e-01 -3.705543e-01
1.421516e+00 8.153072e-01 -3.718977e-01
1.422800e+00 8.151882e-01 -3.732371e-01
1.424080e+00 8.150713e-01 -3.745726e-01
1.425357e+00 8.149564e-01 -3.759041e-01
1.426630e+00 8.148435e-01 -3.772317e-01
1.427900e+00 8.147326e-01 -3.785553e-01
1.429166e+00 8.146237e-01 -3.798749e-01
1.430428e+00 8.145167e-01 -3.811906e-01
1.431687e+00 8.144116e-01 -3.825023e-01
1.432942e+00 8.143085e-01 -3.838101e-01
1.434194e+00 8.142072e-01 -3.851139e-01
1.435442e+00 8.141078e-01 -3.864138e-01
1.436686e+00 8.140103e-01 -3.877097e-01
1.437927e+00 8.139146e-01 -3.890017e-01
1.439164e+00 8.138208e-01 -3.902897e-01
1.440398e+00 8.137287e-01 -3.915738e-01
1.441628e+00 8.136384e-01 -3.928539e-01
1.442854e+00 8.135499e-01 -3.941302e-01
1.444077e+00 8.134632e-01 -3.954024e-01
1.445296e+00 8.133782e-01 -3.966708e-01
1.446512e+00 8.132949e-01 -3.979352e-01
1.447724e+00 8.132133e-01 -3.991957e-01
1.448932e+00 8.131334e-01 -4.004522e-01
1.450137e+00 8.130551e-01 -4.017048e-01
1.451338e+00 8.129786e-01 -4.029536e-01
1.452535e+00 8.129036e-01 -4.041984e-01
1.453729e+00 8.128303e-01 -4.054393e-01
1.454919e+00 8.127586e-01 -4.066762e-01
1.456105e+00 8.126884e-01 -4.079093e-01
1.457288e+00 8.126199e-01 -4.091385e-01
1.458468e+00 8.125529e-01 -4.103638e-01
1.459643e+00 8.124874e-01 -4.115851e-01
1.460815e+00 8.124235e-01 -4.128026e-01
1.461984e+00 8.123611e-01 -4.140162e-01
1.463148e+00 8.123001e-01 -4.152260e-01
1.464309e+00 8.122407e-01 -4.164318e-01
1.465467e+00 8.121827e-01 -4.176338e-01
1.466621e+00 8.121261e-01 -4.188319e-01
1.467771e+00 8.120710e-01 -4.200261e-01
1.468918e+00 8.120173e-01 -4.212165e-01
1.470061e+00 8.119651e-01 -4.224030e-01
1.471200e+00 8.119142e-01 -4.235857e-01
1.472336e+00 8.118647e-01 -4.247645e-01
1.473468e+00 8.118165e-01 -4.259395e-01
1.474596e+00 8.117697e-01 -4.271106e-01
1.475721e+00 8.117242e-01 -4.282779e-01
1.476842e+00 8.116801e-01 -4.294414e-01
1.477960e+00 8.116372e-01 -4.306011e-01
1.479074e+00 8.115956e-01 -4.317569e-01
1.480185e+00 8.115553e-01 -4.329090e-01
1.481291e+00 8.115163e-01 -4.340572e-01
1.482395e+00 8.114785e-01 -4.352016e-01
1.483494e+00 8.114420e-01 -4.363423e-01
1.484590e+00 8.114067e-01 -4.374791e-01
1.485683e+00 8.113726e-01 -4.386122e-01
1.486772e+00 8.113397e-01 -4.397414e-01
1.487857e+00 8.113079e-01 -4.408669e-01
1.488939e+00 8.112774e-01 -4.419887e-01
1.490017e+00 8.112480e-01 -4.431067e-01
1.491091e+00 8.112197e-01 -4.442209e-01
1.492162e+00 8.111926e-01 -4.453314e-01
1.493230e+00 8.111665e-01 -4.464381e-01
1.494293e+00 8.111416e-01 -4.475411e-01
1.495354e+00 8.111178e-01 -4.486404e-01
1.496410e+00 8.110951e-01 -4.497359e-01
1.497464e+00 8.110734e-01 -4.508277e-01
1.498513e+00 8.110528e-01 -4.519158e-01
1.499559e+00 8.110333e-01 -4.530002e-01
1.500602e+00 8.110147e-01 -4.540809e-01
1.501641e+00 8.109972e-01 -4.551579e-01
1.502676e+00 8.109807e-01 -4.562312e-01
1.503708e+00 8.109652e-01 -4.573009e-01
1.504737e+00 8.109507e-01 -4.583669e-01
1.505761e+00 8.109372e-01 -4.594292e-01
1.506783e+00 8.109246e-01 -4.604878e-01
1.507801e+00 8.109130e-01 -4.615428e-01
1.508815e+00 8.109023e-01 -4.625941e-01
1.509826e+00 8.108925e-01 -4.636418e-01
1.510833e+00 8.108837e-01 -4.646859e-01
1.511837e+00 8.108758e-01 -4.657263e-01
1.512838e+00 8.108688e-01 -4.667632e-01
1.513834e+00 8.108626e-01 -4.677964e-01
1.514828e+00 8.108573e-01 -4.688260e-01
1.515818e+00 8.108529e-01 -4.698520e-01
1.516804e+00 8.108494e-01 -4.708744e-01
1.517787e+00 8.108467e-01 -4.718932e-01
1.518767e+00 8.108448e-01 -4.729085e-01
1.519743e+00 8.108438e-01 -4.739202e-01
1.520716e+00 8.108435e-01 -4.749283e-01
1.521685e+00 8.108441e-01 -4.759329e-01
1.522651e+00 8.108455e-01 -4.769339e-01
1.523613e+00 8.108476e-01 -4.779314e-01
1.524573e+00 8.108505e-01 -4.789253e-01
1.525528e+00 8.108542e-01 -4.799158e-01
1.526480e+00 8.108586e-01 -4.809027e-01
1.527429e+00 8.108638e-01 -4.818861e-01
1.528375e+00 8.108697e-01 -4.828660e-01
1.529317e+00 8.108764e-01 -4.838424e-01
1.530255e+00 8.108838e-01 -4.848153e-01
1.531191e+00 8.108918e-01 -4.857847e-01
1.532123e+00 8.109006e-01 -4.867507e-01
1.533051e+00 8.109100e-01 -4.877132e-01
1.533976e+00 8.109202e-01 -4.886722e-01
1.534898e+00 8.109310e-01 -4.896278e-01
1.535817e+00 8.109425e-01 -4.905800e-01
1.536732e+00 8.109546e-01 -4.915287e-01
1.537644e+00 8.109673e-01 -4.924740e-01
1.538552e+00 8.109807e-01 -4.934159e-01
1.539458e+00 8.109948e-01 -4.943544e-01
1.540360e+00 8.110094e-01 -4.952894e-01
1.541258e+00 8.110247e-01 -4.962211e-01
1.542154e+00 8.110406e-01 -4.971494e-01
1.543046e+00 8.110570e-01 -4.980743e-01
1.543935e+00 8.110741e-01 -4.989959e-01
1.544820e+00 8.110917e-01 -4.999141e-01
1.545702e+00 8.111099e-01 -5.008289e-01
1.546581e+00 8.111286e-01 -5.017404e-01
1.547457e+00 8.111480e-01 -5.026485e-01
1.548330e+00 8.111678e-01 -5.035534e-01
1.549199e+00 8.111882e-01 -5.044549e-01
1.550065e+00 8.112091e-01 -5.053531e-01
1.550928e+00 8.112306e-01 -5.062479e-01
1.551788e+00 8.112526e-01 -5.071395e-01
1.552644e+00 8.112750e-01 -5.080278e-01
1.553497e+00 8.112980e-01 -5.089129e-01
1.554347e+00 8.113215e-01 -5.097946e-01
1.555194e+00 8.113455e-01 -5.106731e-01
1.556038e+00 8.113699e-01 -5.115483e-01
1.556878e+00 8.113948e-01 -5.124203e-01
1.557716e+00 8.114202e-01 -5.132891e-01
1.558550e+00 8.114460e-01 -5.141546e-01
1.559381e+00 8.114723e-01 -5.150169e-01
1.560209e+00 8.114990e-01 -5.158760e-01
1.561034e+00 8.115262e-01 -5.167318e-01
1.561856e+00 8.115538e-01 -5.175845e-01
1.562674e+00 8.115819e-01 -5.184340e-01
1.563490e+00 8.116103e-01 -5.192803e-01
1.564302e+00 8.116392e-01 -5.201235e-01
1.565112e+00 8.116684e-01 -5.209635e-01
1.565918e+00 8.116981e-01 -5.218003e-01
1.566721e+00 8.117281e-01 -5.226340e-01
1.567521e+00 8.117586e-01 -5.234645e-01
1.568318e+00 8.117894e-01 -5.242919e-01
1.569112e+00 8.118206e-01 -5.251162e-01
1.569903e+00 8.118522e-01 -5.259374e-01
1.570691e+00 8.118841e-01 -5.267555e-01
1.571476e+00 8.119164e-01 -5.275705e-01
1.572258e+00 8.119490e-01 -5.283824e-01
1.573037e+00 8.119820e-01 -5.291912e-01
1.573813e+00 8.120153e-01 -5.299969e-01
1.574586e+00 8.120489e-01 -5.307996e-01
1.575355e+00 8.120829e-01 -5.315993e-01
1.576122e+00 8.121172e-01 -5.323958e-01
1.576886e+00 8.121518e-01 -5.331894e-01
1.577647e+00 8.121867e-01 -5.339799e-01
1.578405e+00 8.122220e-01 -5.347674e-01
1.579161e+00 8.122575e-01 -5.355519e-01
1.579913e+00 8.122933e-01 -5.363334e-01
1.580662e+00 8.123294e-01 -5.371120e-01
1.581408e+00 8.123658e-01 -5.378875e-01
1.582152e+00 8.124024e-01 -5.386600e-01
1.582892e+00 8.124394e-01 -5.394296e-01
1.583630e+00 8.124766e-01 -5.401962e-01
1.584365e+00 8.125141e-01 -5.409599e-01
1.585097e+00 8.125518e-01 -5.417206e-01
1.585826e+00 8.125898e-01 -5.424784e-01
1.586552e+00 8.126280e-01 -5.432333e-01
1.587275e+00 8.126665e-01 -5.439853e-01
1.587995e+00 8.127052e-01 -5.447343e-01
1.588713e+00 8.127441e-01 -5.454805e-01
1.589428e+00 8.127833e-01 -5.462237e-01
1.590140e+00 8.128227e-01 -5.469641e-01
1.590849e+00 8.128623e-01 -5.477016e-01
1.591555e+00 8.129021e-01 -5.484363e-01
1.592259e+00 8.129422e-01 -5.491681e-01
1.592960e+00 8.129824e-01 -5.498970e-01
1.593658e+00 8.130229e-01 -5.506231e-01
1.594353e+00 8.130635e-01 -5.513464e-01
1.595045e+00 8.131044e-01 -5.520668e-01
1.595735e+00 8.131454e-01 -5.527845e-01
1.596422e+00 8.131866e-01 -5.534993e-01
1.597106e+00 8.132280e-01 -5.542113e-01
1.597788e+00 8.132696e-01 -5.549206e-01
1.598467e+00 8.133113e-01 -5.556271e-01
1.599143e+00 8.133532e-01 -5.563308e-01
1.599816e+00 8.133953e-01 -5.570317e-01
1.600487e+00 8.134375e-01 -5.577299e-01
1.601155e+00 8.134799e-01 -5.584253e-01
1.601820e+00 8.135225e-01 -5.591180e-01
1.602483e+00 8.135651e-01 -5.598080e-01
1.603143e+00 8.136080e-01 -5.604953e-01
1.603800e+00 8.136510e-01 -5.611798e-01
1.604455e+00 8.136941e-01 -5.618617e-01
1.605107e+00 8.137373e-01 -5.625408e-01
1.605756e+00 8.137807e-01 -5.632173e-01
1.606403e+00 8.138242e-01 -5.638911e-01
1.607047e+00 8.138678e-01 -5.645622e-01
1.607689e+00 8.139116e-01 -5.652307e-01
1.608328e+00 8.139554e-01 -5.658965e-01
1.608964e+00 8.139994e-01 -5.665597e-01
1.609598e+00 8.140435e-01 -5.672202e-01
1.610229e+00 8.140877e-01 -5.678781e-01
1.610858e+00 8.141320e-01 -5.685334e-01
1.611484e+00 8.141764e-01 -5.691861e-01
1.612108e+00 8.142208e-01 -5.698362e-01
1.612729e+00 8.142654e-01 -5.704837e-01
1.613347e+00 8.143101e-01 -5.711286e-01
1.613963e+00 8.143548e-01 -5.717709e-01
1.614577e+00 8.143997e-01 -5.724107e-01
1.615188e+00 8.144446e-01 -5.730479e-01
1.615796e+00 8.144896e-01 -5.736825e-01
1.616402e+00 8.145346e-01 -5.743146e-01
1.617006e+00 8.145798e-01 -5.749442e-01
1.617607e+00 8.146250e-01 -5.755713e-01
1.618205e+00 8.146703e-01 -5.761958e-01
1.618802e+00 8.147156e-01 -5.768178e-01
1.619395e+00 8.147610e-01 -5.774374e-01
1.619986e+00 8.148064e-01 -5.780544e-01
1.620575e+00 8.148519e-01 -5.786690e-01
1.621162e+00 8.148975e-01 -5.792810e-01
1.621746e+00 8.149431e-01 -5.798906e-01
1.622327e+00 8.149887e-01 -5.804978e-01
1.622907e+00 8.150344e-01 -5.811025e-01
1.623483e+00 8.150802e-01 -5.817047e-01
1.624058e+00 8.151259e-01 -5.823045e-01
1.624630e+00 8.151717e-01 -5.829019e-01
1.625199e+00 8.152176e-01 -5.834969e-01
1.625767e+00 8.152635e-01 -5.840895e-01
1.626332e+00 8.153094e-01 -5.846796e-01
1.626894e+00 8.153553e-01 -5.852674e-01
1.627455e+00 8.154012e-01 -5.858528e-01
1.628013e+00 8.154472e-01 -5.864358e-01
1.628568e+00 8.154932e-01 -5.870164e-01
1.629122e+00 8.155392e-01 -5.875947e-01
1.629673e+00 8.155852e-01 -5.881706e-01
1.630222e+00 8.156312e-01 -5.887442e-01
1.630768e+00 8.156773e-01 -5.893154e-01
1.631312e+00 8.157233e-01 -5.898843e-01
1.631854e+00 8.157694e-01 -5.904509e-01
1.632394e+00 8.158154e-01 -5.910151e-01
1.632931e+00 8.158615e-01 -5.915771e-01
1.633466e+00 8.159075e-01 -5.921368e-01
1.633999e+00 8.159536e-01 -5.926941e-01
1.634530e+00 8.159996e-01 -5.932492e-01
1.635058e+00 8.160457e-01 -5.938021e-01
1.635585e+00 8.160917e-01 -5.943526e-01
1.636109e+00 8.161377e-01 -5.949009e-01
1.636631e+00 8.161837e-01 -5.954470e-01
1.637150e+00 8.162297e-01 -5.959908e-01
1.637668e+00 8.162757e-01 -5.965323e-01
1.638183e+00 8.163216e-01 -5.970717e-01
1.638696e+00 8.163675e-01 -5.976088e-01
1.639207e+00 8.164135e-01 -5.981437e-01
1.639716e+00 8.164593e-01 -5.986764e-01
1.640223e+00 8.165052e-01 -5.992069e-01
1.640727e+00 8.165510e-01 -5.997353e-01
1.641230e+00 8.165968e-01 -6.002614e-01
1.641730e+00 8.166426e-01 -6.007854e-01
1.642228e+00 8.166883e-01 -6.013072e-01
1.642724e+00 8.167340e-01 -6.018268e-01
1.643218e+00 8.167797e-01 -6.023443e-01
1.643710e+00 8.168253e-01 -6.028597e-01
1.644200e+00 8.168709e-01 -6.033729e-01
1.644688e+00 8.169165e-01 -6.038840e-01
1.645173e+00 8.169620e-01 -6.043930e-01
1.645657e+00 8.170075e-01 -6.048999e-01
1.646138e+00 8.170529e-01 -6.054047e-01
1.646618e+00 8.170983e-01 -6.059073e-01
1.647095e+00 8.171436e-01 -6.064079e-01
1.647571e+00 8.171889e-01 -6.069064e-01
1.648044e+00 8.172341e-01 -6.074028e-01
1.648516e+00 8.172792e-01 -6.078972e-01
1.648985e+00 8.173244e-01 -6.083895e-01
1.649452e+00 8.173694e-01 -6.088798e-01
1.649918e+00 8.174144e-01 -6.093680e-01
1.650381e+00 8.174594e-01 -6.098542e-01
1.650843e+00 8.175043e-01 -6.103383e-01
1.651302e+00 8.175491e-01 -6.108204e-01
1.651759e+00 8.175939e-01 -6.113005e-01
1.652215e+00 8.176386e-01 -6.117786e-01
1.652669e+00 8.176832e-01 -6.122548e-01
1.653120e+00 8.177278e-01 -6.127289e-01
1.653570e+00 8.177723e-01 -6.132010e-01
1.654018e+00 8.178167e-01 -6.136712e-01
1.654464e+00 8.178611e-01 -6.141393e-01
1.654907e+00 8.179054e-01 -6.146056e-01
1.655350e+00 8.179496e-01 -6.150698e-01
1.655790e+00 8.179938e-01 -6.155321e-01
1.656228e+00 8.180379e-01 -6.159925e-01
1.656664e+00 8.180819e-01 -6.164509e-01
1.657099e+00 8.181258e-01 -6.169075e-01
1.657531e+00 8.181697e-01 -6.173621e-01
1.657962e+00 8.182134e-01 -6.178147e-01
1.658391e+00 8.182571e-01 -6.182655e-01
1.658818e+00 8.183008e-01 -6.187144e-01
1.659243e+00 8.183443e-01 -6.191614e-01
1.659667e+00 8.183878e-01 -6.196065e-01
1.660088e+00 8.184311e-01 -6.200497e-01
1.660508e+00 8.184744e-01 -6.204911e-01
1.660926e+00 8.185176e-01 -6.209306e-01
1.661342e+00 8.185608e-01 -6.213682e-01
1.661756e+00 8.186038e-01 -6.218040e-01
1.662168e+00 8.186468e-01 -6.222379e-01
1.662579e+00 8.186896e-01 -6.226700e-01
1.662988e+00 8.187324e-01 -6.231003e-01
1.663395e+00 8.187751e-01 -6.235288e-01
1.663801e+00 8.188177e-01 -6.239554e-01
1.664204e+00 8.188602e-01 -6.243803e-01
1.664606e+00 8.189026e-01 -6.248033e-01
1.665006e+00 8.189449e-01 -6.252245e-01
1.665405e+00 8.189872e-01 -6.256440e-01
1.665801e+00 8.190293e-01 -6.260617e-01
1.666196e+00 8.190714e-01 -6.264776e-01
1.666589e+00 8.191133e-01 -6.268917e-01
1.666981e+00 8.191551e-01 -6.273041e-01
1.667371e+00 8.191969e-01 -6.277147e-01
1.667759e+00 8.192386e-01 -6.281236e-01
1.668145e+00 8.192801e-01 -6.285307e-01
1.668530e+00 8.193216e-01 -6.289361e-01
1.668913e+00 8.193629e-01 -6.293397e-01
1.669294e+00 8.194042e-01 -6.297417e-01
1.669674e+00 8.194454e-01 -6.301419e-01
1.670052e+00 8.194864e-01 -6.305405e-01
1.670428e+00 8.195274e-01 -6.309373e-01
1.670803e+00 8.195682e-01 -6.313324e-01
1.671176e+00 8.196090e-01 -6.317259e-01
1.671547e+00 8.196496e-01 -6.321176e-01
1.671917e+00 8.196902e-01 -6.325077e-01
1.672285e+00 8.197306e-01 -6.328961e-01
1.672652e+00 8.197710e-01 -6.332829e-01
1.673017e+00 8.198112e-01 -6.336680e-01
1.673380e+00 8.198513e-01 -6.340515e-01
1.673742e+00 8.198913e-01 -6.344333e-01
1.674102e+00 8.199313e-01 -6.348134e-01
1.674461e+00 8.199711e-01 -6.351920e-01
1.674818e+00 8.200108e-01 -6.355689e-01
1.675173e+00 8.200504e-01 -6.359442e-01
1.675527e+00 8.200898e-01 -6.363179e-01
1.675879e+00 8.201292e-01 -6.366900e-01
1.676230e+00 8.201685e-01 -6.370605e-01
1.676579e+00 8.202076e-01 -6.374294e-01
1.676927e+00 8.202467e-01 -6.377967e-01
1.677273e+00 8.202856e-01 -6.381624e-01
1.677618e+00 8.203244e-01 -6.385266e-01
1.677961e+00 8.203631e-01 -6.388892e-01
1.678302e+00 8.204017e-01 -6.392502e-01
1.678642e+00 8.204402e-01 -6.396097e-01
1.678981e+00 8.204786e-01 -6.399676e-01
1.679318e+00 8.205168e-01 -6.403240e-01
1.679653e+00 8.205550e-01 -6.406788e-01
1.679987e+00 8.205930e-01 -6.410322e-01
1.680320e+00 8.206309e-01 -6.413839e-01
1.680651e+00 8.206687e-01 -6.417342e-01
1.680981e+00 8.207064e-01 -6.420830e-01
1.681309e+00 8.207440e-01 -6.424302e-01
1.681636e+00 8.207815e-01 -6.427760e-01
1.681961e+00 8.208188e-01 -6.431202e-01
1.682285e+00 8.208561e-01 -6.434630e-01
1.682607e+00 8.208932e-01 -6.438043e-01
1.682928e+00 8.209302e-01 -6.441441e-01
1.683248e+00 8.209671e-01 -6.444824e-01
1.683566e+00 8.210038e-01 -6.448193e-01
1.683882e+00 8.210405e-01 -6.451547e-01
1.684198e+00 8.210770e-01 -6.454886e-01
1.684511e+00 8.211134e-01 -6.458211e-01
1.684824e+00 8.211497e-01 -6.461522e-01
1.685135e+00 8.211859e-01 -6.464818e-01
1.685445e+00 8.212220e-01 -6.468100e-01
1.685753e+00 8.212579e-01 -6.471368e-01
1.686060e+00 8.212938e-01 -6.474621e-01
1.686365e+00 8.213295e-01 -6.477861e-01
1.686670e+00 8.213651e-01 -6.481086e-01
1.686972e+00 8.214006e-01 -6.484297e-01
1.687274e+00 8.214359e-01 -6.487494e-01
1.687574e+00 8.214712e-01 -6.490678e-01
1.687873e+00 8.215063e-01 -6.493847e-01
1.688170e+00 8.215413e-01 -6.497003e-01
1.688466e+00 8.215762e-01 -6.500145e-01
1.688761e+00 8.216109e-01 -6.503273e-01
1.689055e+00 8.216456e-01 -6.506388e-01
1.689347e+00 8.216801e-01 -6.509489e-01
1.689638e+00 8.217145e-01 -6.512576e-01
1.689927e+00 8.217488e-01 -6.515650e-01
1.690215e+00 8.217830e-01 -6.518711e-01
1.690502e+00 8.218170e-01 -6.521758e-01
1.690788e+00 8.218510e-01 -6.524792e-01
1.691072e+00 8.218848e-01 -6.527813e-01
1.691355e+00 8.219185e-01 -6.530820e-01
1.691637e+00 8.219521e-01 -6.533814e-01
1.691918e+00 8.219855e-01 -6.536796e-01
1.692197e+00 8.220188e-01 -6.539764e-01
1.692475e+00 8.220521e-01 -6.542719e-01
1.692752e+00 8.220852e-01 -6.545661e-01
1.693027e+00 8.221181e-01 -6.548590e-01
1.693301e+00 8.221510e-01 -6.551507e-01
1.693574e+00 8.221837e-01 -6.554411e-01
1.693846e+00 8.222163e-01 -6.557302e-01
1.694117e+00 8.222488e-01 -6.560180e-01
1.694386e+00 8.222812e-01 -6.563046e-01
1.694654e+00 8.223135e-01 -6.565899e-01
1.694921e+00 8.223456e-01 -6.568739e-01
1.695187e+00 8.223776e-01 -6.571567e-01
1.695451e+00 8.224095e-01 -6.574383e-01
1.695715e+00 8.224413e-01 -6.577186e-01
1.695977e+00 8.224730e-01 -6.579977e-01
1.696238e+00 8.225045e-01 -6.582756e-01
1.696497e+00 8.225359e-01 -6.585523e-01
1.696756e+00 8.225672e-01 -6.588277e-01
1.697013e+00 8.225984e-01 -6.591019e-01
1.697270e+00 8.226295e-01 -6.593749e-01
1.697525e+00 8.226604e-01 -6.596467e-01
1.697778e+00 8.226912e-01 -6.599174e-01
1.698031e+00 8.227219e-01 -6.601868e-01
1.698283e+00 8.227525e-01 -6.604550e-01
1.698533e+00 8.227830e-01 -6.607221e-01
1.698783e+00 8.228133e-01 -6.609880e-01
1.699031e+00 8.228435e-01 -6.612527e-01
1.699278e+00 8.228737e-01 -6.615162e-01
1.699524e+00 8.229036e-01 -6.617786e-01
1.699769e+00 8.229335e-01 -6.620398e-01
1.700012e+00 8.229633e-01 -6.622998e-01
1.700255e+00 8.229929e-01 -6.625587e-01
1.700496e+00 8.230224e-01 -6.628165e-01
1.700737e+00 8.230518e-01 -6.630731e-01
1.700976e+00 8.230811e-01 -6.633286e-01
1.701214e+00 8.231103e-01 -6.635830e-01
1.701451e+00 8.231393e-01 -6.638362e-01
1.701687e+00 8.231682e-01 -6.640884e-01
1.701922e+00 8.231970e-01 -6.643394e-01
1.702156e+00 8.232257e-01 -6.645892e-01
1.702389e+00 8.232543e-01 -6.648380e-01
1.702620e+00 8.232828e-01 -6.650857e-01
1.702851e+00 8.233111e-01 -6.653323e-01
1.703081e+00 8.233393e-01 -6.655778e-01
1.703309e+00 8.233674e-01 -6.658222e-01
1.703537e+00 8.233954e-01 -6.660655e-01
1.703763e+00 8.234233e-01 -6.663077e-01
1.703989e+00 8.234511e-01 -6.665489e-01
1.704213e+00 8.234787e-01 -6.667890e-01
1.704436e+00 8.235062e-01 -6.670280e-01
1.704659e+00 8.235336e-01 -6.672660e-01
1.704880e+00 8.235609e-01 -6.675029e-01
1.705100e+00 8.235881e-01 -6.677388e-01
1.705320e+00 8.236152e-01 -6.679736e-01
1.705538e+00 8.236421e-01 -6.682073e-01
1.705755e+00 8.236690e-01 -6.684401e-01
1.705971e+00 8.236957e-01 -6.686717e-01
1.706187e+00 8.237223e-01 -6.689024e-01
1.706401e+00 8.237488e-01 -6.691320e-01
1.706614e+00 8.237751e-01 -6.693607e-01
1.706827e+00 8.238014e-01 -6.695882e-01
1.707038e+00 8.238275e-01 -6.698148e-01
1.707248e+00 8.238536e-01 -6.700404e-01
1.707458e+00 8.238795e-01 -6.702650e-01
1.707666e+00 8.239053e-01 -6.704885e-01
1.707874e+00 8.239310e-01 -6.707111e-01
1.708080e+00 8.239566e-01 -6.709327e-01
1.708286e+00 8.239821e-01 -6.711532e-01
1.708490e+00 8.240074e-01 -6.713728e-01
1.708694e+00 8.240327e-01 -6.715915e-01
1.708897e+00 8.240578e-01 -6.718091e-01
1.709098e+00 8.240828e-01 -6.720258e-01
1.709299e+00 8.241077e-01 -6.722415e-01
1.709499e+00 8.241325e-01 -6.724562e-01
1.709698e+00 8.241572e-01 -6.726700e-01
1.709896e+00 8.241818e-01 -6.728828e-01
1.710093e+00 8.242062e-01 -6.730947e-01
1.710289e+00 8.242306e-01 -6.733056e-01
1.710485e+00 8.242548e-01 -6.735156e-01
1.710679e+00 8.242790e-01 -6.737247e-01
1.710873e+00 8.243030e-01 -6.739328e-01
1.711065e+00 8.243269e-01 -6.741400e-01
1.711257e+00 8.243507e-01 -6.743462e-01
1.711448e+00 8.243744e-01 -6.745515e-01
1.711638e+00 8.243980e-01 -6.747559e-01
1.711827e+00 8.244214e-01 -6.749594e-01
1.712015e+00 8.244448e-01 -6.751620e-01
1.712202e+00 8.244681e-01 -6.753637e-01
1.712389e+00 8.244912e-01 -6.755644e-01
1.712574e+00 8.245143e-01 -6.757643e-01
1.712759e+00 8.245372e-01 -6.759633e-01
1.712943e+00 8.245600e-01 -6.761614e-01
1.713126e+00 8.245827e-01 -6.763585e-01
1.713308e+00 8.246054e-01 -6.765548e-01
1.713489e+00 8.246279e-01 -6.767503e-01
1.713670e+00 8.246503e-01 -6.769448e-01
1.713849e+00 8.246726e-01 -6.771385e-01
1.714028e+00 8.246948e-01 -6.773313e-01
1.714206e+00 8.247168e-01 -6.775232e-01
1.714383e+00 8.247388e-01 -6.777143e-01
1.714559e+00 8.247607e-01 -6.779045e-01
1.714735e+00 8.247825e-01 -6.780938e-01
1.714909e+00 8.248041e-01 -6.782823e-01
1.715083e+00 8.248257e-01 -6.784700e-01
1.715256e+00 8.248471e-01 -6.786568e-01
1.715428e+00 8.248685e-01 -6.788428e-01
1.715599e+00 8.248897e-01 -6.790279e-01
1.715770e+00 8.249109e-01 -6.792122e-01
1.715940e+00 8.249319e-01 -6.793957e-01
1.716109e+00 8.249529e-01 -6.795783e-01
1.716277e+00 8.249737e-01 -6.797601e-01
1.716444e+00 8.249944e-01 -6.799411e-01
1.716611e+00 8.250150e-01 -6.801213e-01
1.716777e+00 8.250356e-01 -6.803007e-01
1.716942e+00 8.250560e-01 -6.804792e-01
1.717106e+00 8.250763e-01 -6.806570e-01
1.717269e+00 8.250966e-01 -6.808339e-01
1.717432e+00 8.251167e-01 -6.810101e-01
1.717594e+00 8.251367e-01 -6.811854e-01
1.717755e+00 8.251566e-01 -6.813600e-01
1.717916e+00 8.251764e-01 -6.815338e-01
1.718075e+00 8.251962e-01 -6.817067e-01
1.718234e+00 8.252158e-01 -6.818790e-01
1.718392e+00 8.252353e-01 -6.820504e-01
1.718550e+00 8.252547e-01 -6.822210e-01
1.718706e+00 8.252741e-01 -6.823909e-01
1.718862e+00 8.252933e-01 -6.825600e-01
1.719017e+00 8.253124e-01 -6.827284e-01
1.719172e+00 8.253315e-01 -6.828960e-01
1.719326e+00 8.253504e-01 -6.830628e-01
1.719479e+00 8.253692e-01 -6.832289e-01
1.719631e+00 8.253880e-01 -6.833942e-01
1.719782e+00 8.254066e-01 -6.835588e-01
1.719933e+00 8.254252e-01 -6.837226e-01
1.720083e+00 8.254436e-01 -6.838857e-01
1.720233e+00 8.254620e-01 -6.840480e-01
1.720382e+00 8.254802e-01 -6.842096e-01
1.720530e+00 8.254984e-01 -6.843705e-01
1.720677e+00 8.255165e-01 -6.845307e-01
1.720823e+00 8.255344e-01 -6.846901e-01
1.720969e+00 8.255523e-01 -6.848488e-01
1.721115e+00 8.255701e-01 -6.850068e-01
1.721259e+00 8.255878e-01 -6.851640e-01
1.721403e+00 8.256054e-01 -6.853206e-01
1.721546e+00 8.256229e-01 -6.854764e-01
1.721689e+00 8.256403e-01 -6.856315e-01
1.721830e+00 8.256576e-01 -6.857860e-01
1.721971e+00 8.256749e-01 -6.859397e-01
1.722112e+00 8.256920e-01 -6.860927e-01
1.722252e+00 8.257090e-01 -6.862450e-01
1.722391e+00 8.257260e-01 -6.863967e-01
1.722529e+00 8.257428e-01 -6.865476e-01
1.722667e+00 8.257596e-01 -6.866979e-01
1.722804e+00 8.257763e-01 -6.868474e-01
1.722941e+00 8.257929e-01 -6.869963e-01
1.723076e+00 8.258094e-01 -6.871445e-01
1.723212e+00 8.258258e-01 -6.872921e-01
1.723346e+00 8.258421e-01 -6.874390e-01
1.723480e+00 8.258583e-01 -6.875852e-01
1.723613e+00 8.258744e-01 -6.877307e-01
1.723746e+00 8.258905e-01 -6.878756e-01
1.723878e+00 8.259064e-01 -6.880198e-01
1.724009e+00 8.259223e-01 -6.881633e-01
1.724140e+00 8.259381e-01 -6.883062e-01
1.724270e+00 8.259538e-01 -6.884485e-01
1.724399e+00 8.259694e-01 -6.885901e-01
1.724528e+00 8.259849e-01 -6.887310e-01
1.724657e+00 8.260003e-01 -6.888713e-01
1.724784e+00 8.260157e-01 -6.890110e-01
1.724911e+00 8.260309e-01 -6.891500e-01
1.725038e+00 8.260461e-01 -6.892884e-01
1.725163e+00 8.260612e-01 -6.894262e-01
1.725288e+00 8.260762e-01 -6.895633e-01
1.725413e+00 8.260911e-01 -6.896998e-01
1.725537e+00 8.261059e-01 -6.898357e-01
1.725660e+00 8.261207e-01 -6.899710e-01
1.725783e+00 8.261353e-01 -6.901056e-01
1.725905e+00 8.261499e-01 -6.902397e-01
1.726027e+00 8.261644e-01 -6.903731e-01
1.726148e+00 8.261788e-01 -6.905059e-01
1.726268e+00 8.261931e-01 -6.906381e-01
1.726388e+00 8.262074e-01 -6.907697e-01
1.726508e+00 8.262215e-01 -6.909007e-01
1.726626e+00 8.262356e-01 -6.910311e-01
1.726744e+00 8.262496e-01 -6.911609e-01
1.726862e+00 8.262635e-01 -6.912901e-01
1.726979e+00 8.262773e-01 -6.914187e-01
1.727095e+00 8.262911e-01 -6.915467e-01
1.727211e+00 8.263047e-01 -6.916741e-01
1.727326e+00 8.263183e-01 -6.918010e-01
1.727441e+00 8.263318e-01 -6.919272e-01
1.727555e+00 8.263453e-01 -6.920529e-01
1.727669e+00 8.263586e-01 -6.921780e-01
1.727782e+00 8.263719e-01 -6.923026e-01
1.727895e+00 8.263850e-01 -6.924265e-01
1.728007e+00 8.263981e-01 -6.925499e-01
1.728118e+00 8.264112e-01 -6.926728e-01
1.728229e+00 8.264241e-01 -6.927950e-01
1.728339e+00 8.264370e-01 -6.929167e-01
1.728449e+00 8.264498e-01 -6.930379e-01
1.728558e+00 8.264625e-01 -6.931585e-01
1.728667e+00 8.264751e-01 -6.932785e-01
1.728775e+00 8.264877e-01 -6.933980e-01
1.728883e+00 8.265001e-01 -6.935169e-01
1.728990e+00 8.265125e-01 -6.936353e-01
1.729097e+00 8.265249e-01 -6.937532e-01
1.729203e+00 8.265371e-01 -6.938705e-01
1.729309e+00 8.265493e-01 -6.939872e-01
1.729414e+00 8.265614e-01 -6.941035e-01
1.729518e+00 8.265734e-01 -6.942192e-01
1.729622e+00 8.265853e-01 -6.943343e-01
1.729726e+00 8.265972e-01 -6.944489e-01
1.729829e+00 8.266090e-01 -6.945630e-01
1.729931e+00 8.266207e-01 -6.946766e-01
1.730033e+00 8.266324e-01 -6.947897e-01
1.730135e+00 8.266439e-01 -6.949022e-01
1.730236e+00 8.266554e-01 -6.950142e-01
1.730337e+00 8.266669e-01 -6.951257e-01
1.730437e+00 8.266782e-01 -6.952367e-01
1.730536e+00 8.266895e-01 -6.953472e-01
1.730635e+00 8.267007e-01 -6.954571e-01
1.730734e+00 8.267118e-01 -6.955666e-01
1.730832e+00 8.267229e-01 -6.956755e-01
1.730930e+00 8.267339e-01 -6.957840e-01
1.731027e+00 8.267448e-01 -6.958919e-01
1.731124e+00 8.267556e-01 -6.959993e-01
1.731220e+00 8.267664e-01 -6.961063e-01
1.731315e+00 8.267771e-01 -6.962128e-01
1.731411e+00 8.267877e-01 -6.963187e-01
1.731505e+00 8.267983e-01 -6.964242e-01
1.731600e+00 8.268088e-01 -6.965292e-01
1.731694e+00 8.268192e-01 -6.966337e-01
1.731787e+00 8.268296e-01 -6.967377e-01
1.731880e+00 8.268398e-01 -6.968412e-01
1.731972e+00 8.268501e-01 -6.969443e-01
1.732064e+00 8.268602e-01 -6.970469e-01
1.732156e+00 8.268703e-01 -6.971490e-01
1.732247e+00 8.268803e-01 -6.972506e-01
1.732338e+00 8.268902e-01 -6.973518e-01
1.732428e+00 8.269001e-01 -6.974525e-01
1.732518e+00 8.269099e-01 -6.975527e-01
1.732607e+00 8.269196e-01 -6.976525e-01
1.732696e+00 8.269293e-01 -6.977518e-01
1.732784e+00 8.269389e-01 -6.978506e-01
1.732872e+00 8.269484e-01 -6.979490e-01
1.732960e+00 8.269579e-01 -6.980469e-01
1.733047e+00 8.269673e-01 -6.981444e-01
1.733134e+00 8.269766e-01 -6.982414e-01
1.733220e+00 8.269859e-01 -6.983380e-01
1.733306e+00 8.269951e-01 -6.984341e-01
1.733391e+00 8.270043e-01 -6.985298e-01
1.733476e+00 8.270133e-01 -6.986250e-01
1.733560e+00 8.270223e-01 -6.987198e-01
1.733645e+00 8.270313e-01 -6.988142e-01
1.733728e+00 8.270402e-01 -6.989081e-01
1.733812e+00 8.270490e-01 -6.990016e-01
1.733894e+00 8.270577e-01 -6.990946e-01
1.733977e+00 8.270664e-01 -6.991872e-01
1.734059e+00 8.270751e-01 -6.992794e-01
1.734141e+00 8.270836e-01 -6.993712e-01
1.734222e+00 8.270921e-01 -6.994625e-01
1.734303e+00 8.271006e-01 -6.995534e-01
1.734383e+00 8.271089e-01 -6.996439e-01
1.734463e+00 8.271173e-01 -6.997339e-01
1.734543e+00 8.271255e-01 -6.998236e-01
1.734622e+00 8.271337e-01 -6.999128e-01
1.734701e+00 8.271418e-01 -7.000016e-01
1.734779e+00 8.271499e-01 -7.000900e-01
1.734857e+00 8.271579e-01 -7.001780e-01
1.734935e+00 8.271659e-01 -7.002655e-01
1.735012e+00 8.271737e-01 -7.003527e-01
1.735089e+00 8.271816e-01 -7.004395e-01
1.735165e+00 8.271893e-01 -7.005258e-01
1.735241e+00 8.271970e-01 -7.006118e-01
1.735317e+00 8.272047e-01 -7.006973e-01
1.735392e+00 8.272123e-01 -7.007825e-01
1.735467e+00 8.272198e-01 -7.008672e-01
1.735542e+00 8.272273e-01 -7.009516e-01
1.735616e+00 8.272347e-01 -7.010355e-01
1.735690e+00 8.272421e-01 -7.011191e-01
1.735763e+00 8.272493e-01 -7.012023e-01
1.735836e+00 8.272566e-01 -7.012851e-01
1.735909e+00 8.272638e-01 -7.013675e-01
1.735981e+00 8.272709e-01 -7.014495e-01
1.736053e+00 8.272780e-01 -7.015311e-01
1.736125e+00 8.272850e-01 -7.016124e-01
1.736196e+00 8.272919e-01 -7.016933e-01
1.736267e+00 8.272988e-01 -7.017738e-01
1.736337e+00 8.273056e-01 -7.018539e-01
1.736407e+00 8.273124e-01 -7.019336e-01
1.736477e+00 8.273192e-01 -7.020130e-01
1.736547e+00 8.273258e-01 -7.020920e-01
1.736616e+00 8.273324e-01 -7.021706e-01
1.736684e+00 8.273390e-01 -7.022489e-01
1.736753e+00 8.273455e-01 -7.023268e-01
1.736821e+00 8.273520e-01 -7.024043e-01
1.736888e+00 8.273584e-01 -7.024815e-01
1.736956e+00 8.273647e-01 -7.025583e-01
1.737023e+00 8.273710e-01 -7.026348e-01
1.737089e+00 8.273772e-01 -7.027109e-01
1.737156e+00 8.273834e-01 -7.027866e-01
1.737222e+00 8.273895e-01 -7.028620e-01
1.737287e+00 8.273956e-01 -7.029370e-01
1.737352e+00 8.274016e-01 -7.030117e-01
1.737417e+00 8.274076e-01 -7.030860e-01
1.737482e+00 8.274135e-01 -7.031600e-01
1.737546e+00 8.274194e-01 -7.032336e-01
1.737610e+00 8.274252e-01 -7.033069e-01
1.737674e+00 8.274310e-01 -7.033798e-01
1.737737e+00 8.274367e-01 -7.034524e-01
1.737800e+00 8.274423e-01 -7.035246e-01
1.737863e+00 8.274479e-01 -7.035966e-01
1.737925e+00 8.274535e-01 -7.036681e-01
1.737987e+00 8.274590e-01 -7.037394e-01
1.738049e+00 8.274644e-01 -7.038103e-01
1.738110e+00 8.274698e-01 -7.038808e-01
1.738171e+00 8.274752e-01 -7.039511e-01
1.738232e+00 8.274805e-01 -7.040210e-01
1.738292e+00 8.274857e-01 -7.040905e-01
1.738352e+00 8.274909e-01 -7.041598e-01
1.738412e+00 8.274961e-01 -7.042287e-01
1.738471e+00 8.275012e-01 -7.042973e-01
1.738531e+00 8.275062e-01 -7.043656e-01
1.738589e+00 8.275112e-01 -7.044335e-01
1.738648e+00 8.275162e-01 -7.045012e-01
1.738706e+00 8.275211e-01 -7.045685e-01
1.738764e+00 8.275260e-01 -7.046355e-01
1.738822e+00 8.275308e-01 -7.047022e-01
1.738879e+00 8.275355e-01 -7.047685e-01
1.738936e+00 8.275403e-01 -7.048346e-01
1.738993e+00 8.275449e-01 -7.049003e-01
1.739049e+00 8.275495e-01 -7.049658e-01
1.739106e+00 8.275541e-01 -7.050309e-01
1.739161e+00 8.275586e-01 -7.050957e-01
1.739217e+00 8.275631e-01 -7.051602e-01
1.739272e+00 8.275676e-01 -7.052244e-01
1.739327e+00 8.275719e-01 -7.052883e-01
1.739382e+00 8.275763e-01 -7.053519e-01
1.739436e+00 8.275806e-01 -7.054152e-01
1.739490e+00 8.275848e-01 -7.054782e-01
1.739544e+00 8.275890e-01 -7.055409e-01
1.739598e+00 8.275932e-01 -7.056033e-01
1.739651e+00 8.275973e-01 -7.056654e-01
1.739704e+00 8.276014e-01 -7.057272e-01
1.739757e+00 8.276054e-01 -7.057887e-01
1.739809e+00 8.276094e-01 -7.058499e-01
1.739861e+00 8.276133e-01 -7.059109e-01
1.739913e+00 8.276172e-01 -7.059715e-01
1.739965e+00 8.276210e-01 -7.060319e-01
1.740016e+00 8.276248e-01 -7.060920e-01
1.740067e+00 8.276286e-01 -7.061518e-01
1.740118e+00 8.276323e-01 -7.062113e-01
1.740168e+00 8.276360e-01 -7.062705e-01
1.740219e+00 8.276396e-01 -7.063294e-01
1.740269e+00 8.276432e-01 -7.063881e-01
1.740318e+00 8.276467e-01 -7.064465e-01
1.740368e+00 8.276502e-01 -7.065046e-01
1.740417e+00 8.276537e-01 -7.065624e-01
1.740466e+00 8.276571e-01 -7.066200e-01
1.740515e+00 8.276605e-01 -7.066773e-01
1.740563e+00 8.276638e-01 -7.067343e-01
1.740611e+00 8.276671e-01 -7.067910e-01
1.740659e+00 8.276703e-01 -7.068475e-01
1.740707e+00 8.276735e-01 -7.069037e-01
1.740754e+00 8.276767e-01 -7.069596e-01
1.740801e+00 8.276798e-01 -7.070153e-01
1.740848e+00 8.276829e-01 -7.070707e-01
1.740894e+00 8.276860e-01 -7.071258e-01
1.740941e+00 8.276890e-01 -7.071807e-01
1.740987e+00 8.276919e-01 -7.072353e-01
1.741033e+00 8.276948e-01 -7.072896e-01
1.741078e+00 8.276977e-01 -7.073437e-01
1.741124e+00 8.277006e-01 -7.073976e-01
1.741169e+00 8.277034e-01 -7.074511e-01
1.741214e+00 8.277061e-01 -7.075045e-01
1.741258e+00 8.277088e-01 -7.075575e-01
1.741303e+00 8.277115e-01 -7.076104e-01
1.741347e+00 8.277142e-01 -7.076629e-01
1.741391e+00 8.277168e-01 -7.077152e-01
1.741435e+00 8.277193e-01 -7.077673e-01
1.741478e+00 8.277219e-01 -7.078191e-01
1.741521e+00 8.277244e-01 -7.078707e-01
1.741564e+00 8.277268e-01 -7.079220e-01
1.741607e+00 8.277292e-01 -7.079730e-01
1.741649e+00 8.277316e-01 -7.080239e-01
1.741692e+00 8.277339e-01 -7.080745e-01
1.741734e+00 8.277362e-01 -7.081248e-01
1.741775e+00 8.277385e-01 -7.081749e-01
1.741817e+00 8.277407e-01 -7.082248e-01
1.741858e+00 8.277429e-01 -7.082744e-01
1.741899e+00 8.277451e-01 -7.083238e-01
1.741940e+00 8.277472e-01 -7.083729e-01
1.741981e+00 8.277492e-01 -7.084218e-01
1.742021e+00 8.277513e-01 -7.084705e-01
1.742062e+00 8.277533e-01 -7.085189e-01
1.742102e+00 8.277553e-01 -7.085672e-01
1.742141e+00 8.277572e-01 -7.086151e-01
1.742181e+00 8.277591e-01 -7.086629e-01
1.742220e+00 8.277610e-01 -7.087104e-01
1.742259e+00 8.277628e-01 -7.087577e-01
1.742298e+00 8.277646e-01 -7.088048e-01
1.742337e+00 8.277663e-01 -7.088516e-01
1.742376e+00 8.277680e-01 -7.088982e-01
1.742414e+00 8.277697e-01 -7.089446e-01
1.742452e+00 8.277714e-01 -7.089908e-01
1.742490e+00 8.277730e-01 -7.090367e-01
1.742527e+00 8.277746e-01 -7.090824e-01
1.742565e+00 8.277761e-01 -7.091279e-01
1.742602e+00 8.277776e-01 -7.091732e-01
1.742639e+00 8.277791e-01 -7.092183e-01
1.742676e+00 8.277806e-01 -7.092631e-01
1.742712e+00 8.277820e-01 -7.093077e-01
1.742749e+00 8.277834e-01 -7.093522e-01
1.742785e+00 8.277847e-01 -7.093964e-01
1.742821e+00 8.277860e-01 -7.094403e-01
1.742857e+00 8.277873e-01 -7.094841e-01
1.742892e+00 8.277885e-01 -7.095277e-01
1.742928e+00 8.277897e-01 -7.095710e-01
1.742963e+00 8.277909e-01 -7.096142e-01
1.742998e+00 8.277921e-01 -7.096571e-01
1.743032e+00 8.277932e-01 -7.096998e-01
1.743067e+00 8.277943e-01 -7.097423e-01
1.743101e+00 8.277953e-01 -7.097847e-01
1.743136e+00 8.277963e-01 -7.098268e-01
1.743170e+00 8.277973e-01 -7.098687e-01
1.743203e+00 8.277983e-01 -7.099104e-01
1.743237e+00 8.277992e-01 -7.099519e-01
1.743270e+00 8.278001e-01 -7.099932e-01
1.743304e+00 8.278010e-01 -7.100343e-01
1.743337e+00 8.278018e-01 -7.100752e-01
1.743369e+00 8.278026e-01 -7.101159e-01
1.743402e+00 8.278033e-01 -7.101564e-01
1.743435e+00 8.278041e-01 -7.101967e-01
1.743467e+00 8.278048e-01 -7.102368e-01
1.743499e+00 8.278055e-01 -7.102767e-01
1.743531e+00 8.278061e-01 -7.103164e-01
1.743563e+00 8.278067e-01 -7.103560e-01
1.743594e+00 8.278073e-01 -7.103953e-01
1.743625e+00 8.278079e-01 -7.104344e-01
1.743657e+00 8.278084e-01 -7.104734e-01
1.743688e+00 8.278089e-01 -7.105122e-01
1.743718e+00 8.278094e-01 -7.105507e-01
1.743749e+00 8.278098e-01 -7.105891e-01
1.743780e+00 8.278102e-01 -7.106273e-01
1.743810e+00 8.278106e-01 -7.106653e-01
1.743840e+00 8.278109e-01 -7.107032e-01
1.743870e+00 8.278112e-01 -7.107408e-01
1.743900e+00 8.278115e-01 -7.107783e-01
1.743929e+00 8.278118e-01 -7.108155e-01
1.743959e+00 8.278120e-01 -7.108526e-01
1.743988e+00 8.278122e-01 -7.108896e-01
1.744017e+00 8.278124e-01 -7.109263e-01
1.744046e+00 8.278126e-01 -7.109628e-01
1.744075e+00 8.278127e-01 -7.109992e-01
1.744103e+00 8.278128e-01 -7.110354e-01
1.744131e+00 8.278128e-01 -7.110714e-01
1.744160e+00 8.278129e-01 -7.111073e-01
1.744188e+00 8.278129e-01 -7.111430e-01
1.744216e+00 8.278129e-01 -7.111784e-01
1.744243e+00 8.278128e-01 -7.112138e-01
1.744271e+00 8.278128e-01 -7.112489e-01
1.744298e+00 8.278127e-01 -7.112839e-01
1.744326e+00 8.278125e-01 -7.113187e-01
1.744353e+00 8.278124e-01 -7.113533e-01
1.744379e+00 8.278122e-01 -7.113878e-01
1.744406e+00 8.278120e-01 -7.114221e-01
1.744433e+00 8.278118e-01 -7.114562e-01
1.744459e+00 8.278115e-01 -7.114902e-01
1.744486e+00 8.278112e-01 -7.115240e-01
1.744512e+00 8.278109e-01 -7.115576e-01
1.744538e+00 8.278106e-01 -7.115910e-01
1.744563e+00 8.278102e-01 -7.116243e-01
1.744589e+00 8.278098e-01 -7.116575e-01
1.744614e+00 8.278094e-01 -7.116904e-01
1.744640e+00 8.278090e-01 -7.117232e-01
1.744665e+00 8.278085e-01 -7.117559e-01
1.744690e+00 8.278080e-01 -7.117883e-01
1.744715e+00 8.278075e-01 -7.118207e-01
1.744740e+00 8.278070e-01 -7.118528e-01
1.744764e+00 8.278064e-01 -7.118848e-01
1.744789e+00 8.278058e-01 -7.119167e-01
1.744813e+00 8.278052e-01 -7.119484e-01
1.744837e+00 8.278046e-01 -7.119799e-01
1.744861e+00 8.278039e-01 -7.120113e-01
1.744885e+00 8.278032e-01 -7.120425e-01
1.744908e+00 8.278025e-01 -7.120735e-01
1.744932e+00 8.278018e-01 -7.121045e-01
1.744955e+00 8.278010e-01 -7.121352e-01
1.744979e+00 8.278002e-01 -7.121658e-01
1.745002e+00 8.277994e-01 -7.121963e-01
1.745025e+00 8.277986e-01 -7.122266e-01
1.745047e+00 8.277977e-01 -7.122567e-01
1.745070e+00 8.277969e-01 -7.122867e-01
1.745093e+00 8.277960e-01 -7.123166e-01
1.745115e+00 8.277950e-01 -7.123463e-01
1.745137e+00 8.277941e-01 -7.123758e-01
1.745159e+00 8.277931e-01 -7.124052e-01
1.745181e+00 8.277921e-01 -7.124345e-01
1.745203e+00 8.277911e-01 -7.124636e-01
1.745225e+00 8.277901e-01 -7.124926e-01
1.745246e+00 8.277890e-01 -7.125214e-01
1.745268e+00 8.277879e-01 -7.125501e-01
1.745289e+00 8.277868e-01 -7.125787e-01
1.745310e+00 8.277857e-01 -7.126070e-01
1.745331e+00 8.277845e-01 -7.126353e-01
1.745352e+00 8.277833e-01 -7.126634e-01
1.745373e+00 8.277821e-01 -7.126914e-01
1.745393e+00 8.277809e-01 -7.127192e-01
1.745414e+00 8.277797e-01 -7.127469e-01
1.745434e+00 8.277784e-01 -7.127745e-01
1.745454e+00 8.277771e-01 -7.128019e-01
1.745474e+00 8.277758e-01 -7.128292e-01
1.745494e+00 8.277745e-01 -7.128563e-01
1.745514e+00 8.277732e-01 -7.128833e-01
1.745534e+00 8.277718e-01 -7.129102e-01
1.745554e+00 8.277704e-01 -7.129370e-01
1.745573e+00 8.277690e-01 -7.129636e-01
1.745592e+00 8.277676e-01 -7.129900e-01
1.745611e+00 8.277661e-01 -7.130164e-01
1.745631e+00 8.277646e-01 -7.130426e-01
1.745649e+00 8.277631e-01 -7.130687e-01
1.745668e+00 8.277616e-01 -7.130946e-01
1.745687e+00 8.277601e-01 -7.131204e-01
1.745706e+00 8.277585e-01 -7.131461e-01
1.745724e+00 8.277569e-01 -7.131716e-01
1.745742e+00 8.277553e-01 -7.131971e-01
1.745760e+00 8.277537e-01 -7.132224e-01
1.745779e+00 8.277521e-01 -7.132475e-01
1.745797e+00 8.277504e-01 -7.132726e-01
1.745814e+00 8.277488e-01 -7.132975e-01
1.745832e+00 8.277471e-01 -7.133223e-01
1.745850e+00 8.277453e-01 -7.133469e-01
1.745867e+00 8.277436e-01 -7.133715e-01
1.745885e+00 8.277418e-01 -7.133959e-01
1.745902e+00 8.277401e-01 -7.134202e-01
1.745919e+00 8.277383e-01 -7.134444e-01
1.745936e+00 8.277365e-01 -7.134684e-01
1.745953e+00 8.277346e-01 -7.134923e-01
1.745970e+00 8.277328e-01 -7.135161e-01
1.745986e+00 8.277309e-01 -7.135398e-01
1.746003e+00 8.277290e-01 -7.135634e-01
1.746019e+00 8.277271e-01 -7.135868e-01
1.746036e+00 8.277252e-01 -7.136101e-01
1.746052e+00 8.277232e-01 -7.136333e-01
1.746068e+00 8.277213e-01 -7.136564e-01
1.746084e+00 8.277193e-01 -7.136794e-01
1.746100e+00 8.277173e-01 -7.137022e-01
1.746116e+00 8.277153e-01 -7.137250e-01
1.746131e+00 8.277132e-01 -7.137476e-01
1.746147e+00 8.277112e-01 -7.137701e-01
1.746162e+00 8.277091e-01 -7.137925e-01
1.746178e+00 8.277070e-01 -7.138147e-01
1.746193e+00 8.277049e-01 -7.138369e-01
1.746208e+00 8.277028e-01 -7.138590e-01
1.746223e+00 8.277006e-01 -7.138809e-01
1.746238e+00 8.276985e-01 -7.139027e-01
1.746253e+00 8.276963e-01 -7.139244e-01
1.746267e+00 8.276941e-01 -7.139460e-01
1.746282e+00 8.276919e-01 -7.139675e-01
1.746296e+00 8.276896e-01 -7.139889e-01
1.746311e+00 8.276874e-01 -7.140101e-01
1.746325e+00 8.276851e-01 -7.140313e-01
1.746339e+00 8.276828e-01 -7.140523e-01
1.746353e+00 8.276805e-01 -7.140733e-01
1.746367e+00 8.276782e-01 -7.140941e-01
1.746381e+00 8.276759e-01 -7.141148e-01
1.746395e+00 8.276735e-01 -7.141355e-01
1.746409e+00 8.276712e-01 -7.141560e-01
1.746422e+00 8.276688e-01 -7.141764e-01
1.746436e+00 8.276664e-01 -7.141967e-01
1.746449e+00 8.276640e-01 -7.142169e-01
1.746462e+00 8.276615e-01 -7.142370e-01
1.746475e+00 8.276591e-01 -7.142569e-01
1.746488e+00 8.276566e-01 -7.142768e-01
1.746501e+00 8.276541e-01 -7.142966e-01
1.746514e+00 8.276516e-01 -7.143163e-01
1.746527e+00 8.276491e-01 -7.143359e-01
1.746540e+00 8.276466e-01 -7.143553e-01
1.746552e+00 8.276441e-01 -7.143747e-01
1.746565e+00 8.276415e-01 -7.143940e-01
1.746577e+00 8.276389e-01 -7.144131e-01
1.746590e+00 8.276363e-01 -7.144322e-01
1.746602e+00 8.276337e-01 -7.144512e-01
1.746614e+00 8.276311e-01 -7.144701e-01
1.746626e+00 8.276285e-01 -7.144888e-01
1.746638e+00 8.276258e-01 -7.145075e-01
1.746650e+00 8.276231e-01 -7.145261e-01
1.746661e+00 8.276204e-01 -7.145446e-01
1.746673e+00 8.276177e-01 -7.145630e-01
1.746685e+00 8.276150e-01 -7.145812e-01
1.746696e+00 8.276123e-01 -7.145994e-01
1.746707e+00 8.276096e-01 -7.146175e-01
1.746719e+00 8.276068e-01 -7.146355e-01
1.746730e+00 8.276040e-01 -7.146535e-01
1.746741e+00 8.276012e-01 -7.146713e-01
1.746752e+00 8.275984e-01 -7.146890e-01
1.746763e+00 8.275956e-01 -7.147066e-01
1.746774e+00 8.275928e-01 -7.147242e-01
1.746785e+00 8.275899e-01 -7.147416e-01
1.746795e+00 8.275871e-01 -7.147589e-01
1.746806e+00 8.275842e-01 -7.147762e-01
1.746816e+00 8.275813e-01 -7.147934e-01
1.746827e+00 8.275784e-01 -7.148104e-01
1.746837e+00 8.275755e-01 -7.148274e-01
1.746848e+00 8.275726e-01 -7.148443e-01
1.746858e+00 8.275696e-01 -7.148611e-01
1.746868e+00 8.275667e-01 -7.148779e-01
1.746878e+00 8.275637e-01 -7.148945e-01
1.746888e+00 8.275607e-01 -7.149110e-01
1.746898e+00 8.275577e-01 -7.149275e-01
1.746907e+00 8.275547e-01 -7.149439e-01
1.746917e+00 8.275517e-01 -7.149601e-01
1.746927e+00 8.275486e-01 -7.149763e-01
1.746936e+00 8.275456e-01 -7.149924e-01
1.746945e+00 8.275425e-01 -7.150085e-01
1.746955e+00 8.275394e-01 -7.150244e-01
1.746964e+00 8.275363e-01 -7.150402e-01
1.746973e+00 8.275332e-01 -7.150560e-01
1.746982e+00 8.275301e-01 -7.150717e-01
1.746991e+00 8.275270e-01 -7.150873e-01
1.747000e+00 8.275238e-01 -7.151028e-01
1.747009e+00 8.275207e-01 -7.151182e-01
1.747018e+00 8.275175e-01 -7.151336e-01
1.747027e+00 8.275143e-01 -7.151488e-01
1.747035e+00 8.275111e-01 -7.151640e-01
1.747044e+00 8.275079e-01 -7.151791e-01
1.747052e+00 8.275047e-01 -7.151942e-01
1.747061e+00 8.275014e-01 -7.152091e-01
1.747069e+00 8.274982e-01 -7.152240e-01
1.747077e+00 8.274949e-01 -7.152387e-01
1.747086e+00 8.274917e-01 -7.152534e-01
1.747094e+00 8.274884e-01 -7.152680e-01
1.747102e+00 8.274851e-01 -7.152826e-01
1.747110e+00 8.274818e-01 -7.152971e-01
1.747118e+00 8.274784e-01 -7.153114e-01
1.747125e+00 8.274751e-01 -7.153257e-01
1.747133e+00 8.274718e-01 -7.153400e-01
1.747141e+00 8.274684e-01 -7.153541e-01
1.747148e+00 8.274650e-01 -7.153682e-01
1.747156e+00 8.274617e-01 -7.153822e-01
1.747163e+00 8.274583e-01 -7.153961e-01
1.747171e+00 8.274549e-01 -7.154100e-01
1.747178e+00 8.274514e-01 -7.154237e-01
1.747185e+00 8.274480e-01 -7.154374e-01
1.747192e+00 8.274446e-01 -7.154510e-01
1.747200e+00 8.274411e-01 -7.154646e-01
1.747207e+00 8.274377e-01 -7.154781e-01
1.747214e+00 8.274342e-01 -7.154915e-01
1.747220e+00 8.274307e-01 -7.155048e-01
1.747227e+00 8.274272e-01 -7.155180e-01
1.747234e+00 8.274237e-01 -7.155312e-01
1.747241e+00 8.274202e-01 -7.155443e-01
1.747247e+00 8.274167e-01 -7.155573e-01
1.747254e+00 8.274131e-01 -7.155703e-01
1.747260e+00 8.274096e-01 -7.155832e-01
1.747267e+00 8.274060e-01 -7.155960e-01
1.747273e+00 8.274024e-01 -7.156088e-01
1.747279e+00 8.273988e-01 -7.156214e-01
1.747286e+00 8.273952e-01 -7.156340e-01
1.747292e+00 8.273916e-01 -7.156466e-01
1.747298e+00 8.273880e-01 -7.156590e-01
1.747304e+00 8.273844e-01 -7.156714e-01
1.747310e+00 8.273808e-01 -7.156838e-01
1.747316e+00 8.273771e-01 -7.156960e-01
1.747321e+00 8.273735e-01 -7.157082e-01
1.747327e+00 8.273698e-01 -7.157203e-01
1.747333e+00 8.273661e-01 -7.157324e-01
1.747339e+00 8.273624e-01 -7.157444e-01
1.747344e+00 8.273587e-01 -7.157563e-01
1.747350e+00 8.273550e-01 -7.157682e-01
1.747355e+00 8.273513e-01 -7.157800e-01
1.747360e+00 8.273476e-01 -7.157917e-01
1.747366e+00 8.273438e-01 -7.158033e-01
1.747371e+00 8.273401e-01 -7.158149e-01
1.747376e+00 8.273363e-01 -7.158265e-01
1.747381e+00 8.273325e-01 -7.158379e-01
1.747386e+00 8.273288e-01 -7.158493e-01
1.747391e+00 8.273250e-01 -7.158606e-01
1.747396e+00 8.273212e-01 -7.158719e-01
1.747401e+00 8.273174e-01 -7.158831e-01
1.747406e+00 8.273135e-01 -7.158943e-01
1.747411e+00 8.273097e-01 -7.159053e-01
1.747416e+00 8.273059e-01 -7.159163e-01
1.747420e+00 8.273020e-01 -7.159273e-01
1.747425e+00 8.272982e-01 -7.159382e-01
1.747429e+00 8.272943e-01 -7.159490e-01
1.747434e+00 8.272904e-01 -7.159598e-01
1.747438e+00 8.272865e-01 -7.159705e-01
1.747443e+00 8.272826e-01 -7.159811e-01
1.747447e+00 8.272787e-01 -7.159917e-01
1.747451e+00 8.272748e-01 -7.160022e-01
1.747456e+00 8.272709e-01 -7.160127e-01
1.747460e+00 8.272670e-01 -7.160231e-01
1.747464e+00 8.272630e-01 -7.160334e-01
1.747468e+00 8.272591e-01 -7.160437e-01
1.747472e+00 8.272551e-01 -7.160539e-01
1.747476e+00 8.272511e-01 -7.160641e-01
1.747480e+00 8.272472e-01 -7.160742e-01
1.747483e+00 8.272432e-01 -7.160842e-01
1.747487e+00 8.272392e-01 -7.160942e-01
1.747491e+00 8.272352e-01 -7.161041e-01
1.747495e+00 8.272312e-01 -7.161140e-01
1.747498e+00 8.272272e-01 -7.161238e-01
1.747502e+00 8.272231e-01 -7.161336e-01
1.747505e+00 8.272191e-01 -7.161433e-01
1.747509e+00 8.272150e-01 -7.161529e-01
1.747512e+00 8.272110e-01 -7.161625e-01
1.747515e+00 8.272069e-01 -7.161720e-01
1.747519e+00 8.272029e-01 -7.161815e-01
1.747522e+00 8.271988e-01 -7.161909e-01
1.747525e+00 8.271947e-01 -7.162003e-01
1.747528e+00 8.271906e-01 -7.162096e-01
1.747531e+00 8.271865e-01 -7.162189e-01
1.747534e+00 8.271824e-01 -7.162281e-01
1.747537e+00 8.271782e-01 -7.162372e-01
1.747540e+00 8.271741e-01 -7.162463e-01
1.747543e+00 8.271700e-01 -7.162553e-01
1.747546e+00 8.271658e-01 -7.162643e-01
1.747549e+00 8.271617e-01 -7.162732e-01
1.747551e+00 8.271575e-01 -7.162821e-01
1.747554e+00 8.271533e-01 -7.162909e-01
1.747557e+00 8.271492e-01 -7.162997e-01
1.747559e+00 8.271450e-01 -7.163084e-01
1.747562e+00 8.271408e-01 -7.163171e-01
1.747564e+00 8.271366e-01 -7.163257e-01
1.747567e+00 8.271324e-01 -7.163343e-01
1.747569e+00 8.271282e-01 -7.163428e-01
1.747571e+00 8.271239e-01 -7.163512e-01
1.747574e+00 8.271197e-01 -7.163596e-01
1.747576e+00 8.271155e-01 -7.163680e-01
1.747578e+00 8.271112e-01 -7.163763e-01
1.747580e+00 8.271070e-01 -7.163846e-01
1.747582e+00 8.271027e-01 -7.163928e-01
1.747584e+00 8.270984e-01 -7.164009e-01
1.747586e+00 8.270942e-01 -7.164090e-01
1.747588e+00 8.270899e-01 -7.164171e-01
1.747590e+00 8.270856e-01 -7.164251e-01
1.747592e+00 8.270813e-01 -7.164331e-01
1.747594e+00 8.270770e-01 -7.164410e-01
1.747596e+00 8.270727e-01 -7.164488e-01
1.747597e+00 8.270683e-01 -7.164566e-01
1.747599e+00 8.270640e-01 -7.164644e-01
1.747601e+00 8.270597e-01 -7.164721e-01
1.747602e+00 8.270553e-01 -7.164798e-01
1.747604e+00 8.270510e-01 -7.164874e-01
1.747605e+00 8.270466e-01 -7.164950e-01
1.747607e+00 8.270423e-01 -7.165025e-01
1.747608e+00 8.270379e-01 -7.165100e-01
1.747610e+00 8.270335e-01 -7.165174e-01
1.747611e+00 8.270291e-01 -7.165248e-01
1.747612e+00 8.270247e-01 -7.165322e-01
1.747614e+00 8.270203e-01 -7.165395e-01
1.747615e+00 8.270159e-01 -7.165467e-01
1.747616e+00 8.270115e-01 -7.165539e-01
1.747617e+00 8.270071e-01 -7.165611e-01
1.747618e+00 8.270027e-01 -7.165682e-01
1.747619e+00 8.269983e-01 -7.165753e-01
1.747620e+00 8.269938e-01 -7.165823e-01
1.747621e+00 8.269894e-01 -7.165893e-01
1.747622e+00 8.269849e-01 -7.165962e-01
1.747623e+00 8.269805e-01 -7.166031e-01
1.747624e+00 8.269760e-01 -7.166099e-01
1.747625e+00 8.269715e-01 -7.166167e-01
1.747625e+00 8.269671e-01 -7.166235e-01
1.747626e+00 8.269626e-01 -7.166302e-01
1.747627e+00 8.269581e-01 -7.166369e-01
1.747627e+00 8.269536e-01 -7.166435e-01
1.747628e+00 8.269491e-01 -7.166501e-01
1.747628e+00 8.269446e-01 -7.166567e-01
1.747629e+00 8.269401e-01 -7.166632e-01
1.747629e+00 8.269355e-01 -7.166696e-01
1.747630e+00 8.269310e-01 -7.166761e-01
1.747630e+00 8.269265e-01 -7.166824e-01
1.747631e+00 8.269219e-01 -7.166888e-01
1.747631e+00 8.269174e-01 -7.166951e-01
1.747631e+00 8.269129e-01 -7.167013e-01
1.747632e+00 8.269083e-01 -7.167075e-01
1.747632e+00 8.269037e-01 -7.167137e-01
1.747632e+00 8.268992e-01 -7.167198e-01
1.747632e+00 8.268946e-01 -7.167259e-01
1.747632e+00 8.268900e-01 -7.167320e-01
1.747632e+00 8.268854e-01 -7.167380e-01
1.747632e+00 8.268808e-01 -7.167440e-01
1.747632e+00 8.268762e-01 -7.167499e-01
1.747632e+00 8.268716e-01 -7.167558e-01
1.747632e+00 8.268670e-01 -7.167616e-01
1.747632e+00 8.268624e-01 -7.167674e-01
1.747632e+00 8.268578e-01 -7.167732e-01
1.747632e+00 8.268532e-01 -7.167790e-01
1.747631e+00 8.268485e-01 -7.167847e-01
1.747631e+00 8.268439e-01 -7.167903e-01
1.747631e+00 8.268393e-01 -7.167959e-01
1.747631e+00 8.268346e-01 -7.168015e-01
1.747630e+00 8.268300e-01 -7.168071e-01
1.747630e+00 8.268253e-01 -7.168126e-01
1.747629e+00 8.268206e-01 -7.168180e-01
1.747629e+00 8.268160e-01 -7.168235e-01
1.747628e+00 8.268113e-01 -7.168289e-01
1.747628e+00 8.268066e-01 -7.168342e-01
1.747627e+00 8.268019e-01 -7.168395e-01
1.747627e+00 8.267972e-01 -7.168448e-01
1.747626e+00 8.267925e-01 -7.168501e-01
1.747625e+00 8.267878e-01 -7.168553e-01
1.747625e+00 8.267831e-01 -7.168604e-01
1.747624e+00 8.267784e-01 -7.168656e-01
1.747623e+00 8.267737e-01 -7.168707e-01
1.747622e+00 8.267690e-01 -7.168757e-01
1.747621e+00 8.267642e-01 -7.168808e-01
1.747621e+00 8.267595e-01 -7.168858e-01
1.747620e+00 8.267548e-01 -7.168907e-01
1.747619e+00 8.267500e-01 -7.168957e-01
1.747618e+00 8.267453e-01 -7.169005e-01
1.747617e+00 8.267405e-01 -7.169054e-01
1.747616e+00 8.267358e-01 -7.169102e-01
1.747615e+00 8.267310e-01 -7.169150e-01
1.747613e+00 8.267262e-01 -7.169198e-01
1.747612e+00 8.267215e-01 -7.169245e-01
1.747611e+00 8.267167e-01 -7.169292e-01
1.747610e+00 8.267119e-01 -7.169338e-01
1.747609e+00 8.267071e-01 -7.169384e-01
