3.450024e-01 3.104170e-01 5.279991e-01 6.658927e-01 -5.539549e-01 8.755156e-01 3.616163e-01 8.354651e-01 6.360408e-01 -4.382179e-01
3.546123e-01 3.358852e-01 5.250525e-01 6.598592e-01 -5.282141e-01 8.306414e-01 3.648126e-01 7.972843e-01 6.667471e-01 -3.980505e-01
3.566486e-01 3.368311e-01 5.078304e-01 6.449425e-01 -4.975340e-01 7.919269e-01 3.515630e-01 7.582615e-01 6.815209e-01 -3.674499e-01
3.561913e-01 3.277275e-01 4.892025e-01 6.289350e-01 -4.663146e-01 7.545795e-01 3.341471e-01 7.170605e-01 6.894599e-01 -3.401806e-01
3.557203e-01 3.147845e-01 4.730787e-01 6.141050e-01 -4.364591e-01 7.166442e-01 3.170909e-01 6.735791e-01 6.946994e-01 -3.139829e-01
3.561897e-01 3.005315e-01 4.597675e-01 6.005924e-01 -4.088484e-01 6.775861e-01 3.014762e-01 6.281970e-01 6.990623e-01 -2.882661e-01
3.578928e-01 2.859486e-01 4.486560e-01 5.880507e-01 -3.839326e-01 6.374112e-01 2.871862e-01 5.815581e-01 7.032976e-01 -2.630040e-01
3.608345e-01 2.713834e-01 4.390690e-01 5.761213e-01 -3.619161e-01 5.962035e-01 2.738141e-01 5.345142e-01 7.076529e-01 -2.383268e-01
3.648686e-01 2.569377e-01 4.304421e-01 5.645111e-01 -3.428146e-01 5.539713e-01 2.609602e-01 4.880700e-01 7.121544e-01 -2.144087e-01
3.697632e-01 2.426392e-01 4.223174e-01 5.529699e-01 -3.265034e-01 5.107229e-01 2.483096e-01 4.432410e-01 7.167622e-01 -1.914570e-01
3.752400e-01 2.285167e-01 4.143090e-01 5.412499e-01 -3.127815e-01 4.667313e-01 2.356356e-01 4.008231e-01 7.214603e-01 -1.697355e-01
3.809997e-01 2.146152e-01 4.060764e-01 5.290731e-01 -3.014486e-01 4.229103e-01 2.227747e-01 3.611817e-01 7.262789e-01 -1.495964e-01
3.867381e-01 2.009697e-01 3.973212e-01 5.161385e-01 -2.923685e-01 3.810696e-01 2.096082e-01 3.242237e-01 7.312403e-01 -1.314774e-01
3.921703e-01 1.875653e-01 3.878324e-01 5.022046e-01 -2.854898e-01 3.435876e-01 1.960791e-01 2.896173e-01 7.362317e-01 -1.158042e-01
3.970650e-01 1.743338e-01 3.775635e-01 4.872287e-01 -2.808100e-01 3.122636e-01 1.822455e-01 2.571025e-01 7.408964e-01 -1.027988e-01
4.012846e-01 1.612505e-01 3.666686e-01 4.714386e-01 -2.783032e-01 2.872669e-01 1.683101e-01 2.266379e-01 7.447214e-01 -9.234939e-02
4.048265e-01 1.484807e-01 3.554439e-01 4.552422e-01 -2.778611e-01 2.674009e-01 1.545762e-01 1.983238e-01 7.473347e-01 -8.407974e-02
4.078293e-01 1.364026e-01 3.442217e-01 4.390608e-01 -2.792991e-01 2.511884e-01 1.413590e-01 1.722667e-01 7.487120e-01 -7.752357e-02
4.105113e-01 1.254624e-01 3.332911e-01 4.232213e-01 -2.824180e-01 2.375492e-01 1.289096e-01 1.484981e-01 7.490965e-01 -7.224846e-02
4.130889e-01 1.160136e-01 3.228649e-01 4.079330e-01 -2.870628e-01 2.258617e-01 1.173842e-01 1.269503e-01 7.487978e-01 -6.790183e-02
4.157282e-01 1.082489e-01 3.130827e-01 3.933096e-01 -2.931431e-01 2.157977e-01 1.068538e-01 1.074703e-01 7.480620e-01 -6.421329e-02
4.185360e-01 1.022108e-01 3.040263e-01 3.794001e-01 -3.006247e-01 2.071733e-01 9.732899e-02 8.985011e-02 7.470372e-01 -6.098160e-02
4.215679e-01 9.783305e-02 2.957372e-01 3.662134e-01 -3.095128e-01 1.998620e-01 8.878279e-02 7.385678e-02 7.457860e-01 -5.805918e-02
4.248397e-01 9.498192e-02 2.882295e-01 3.537362e-01 -3.198356e-01 1.937544e-01 8.116679e-02 5.925465e-02 7.443077e-01 -5.533857e-02
4.283369e-01 9.348864e-02 2.814995e-01 3.419427e-01 -3.316324e-01 1.887420e-01 7.442125e-02 4.581993e-02 7.425570e-01 -5.274158e-02
4.320212e-01 9.317137e-02 2.755318e-01 3.308022e-01 -3.449449e-01 1.847138e-01 6.848108e-02 3.334925e-02 7.404550e-01 -5.021077e-02
4.358351e-01 9.384867e-02 2.703034e-01 3.202824e-01 -3.598096e-01 1.815570e-01 6.327947e-02 2.166418e-02 7.378963e-01 -4.770287e-02
4.397035e-01 9.534686e-02 2.657862e-01 3.103524e-01 -3.762500e-01 1.791593e-01 5.875000e-02 1.061356e-02 7.347507e-01 -4.518375e-02
4.435353e-01 9.750280e-02 2.619476e-01 3.009842e-01 -3.942659e-01 1.774119e-01 5.482779e-02 7.457857e-05 7.308640e-01 -4.262466e-02
4.472224e-01 1.001639e-01 2.587510e-01 2.921532e-01 -4.138187e-01 1.762099e-01 5.144963e-02 -1.004642e-02 7.260574e-01 -3.999994e-02
4.506389e-01 1.031859e-01 2.561544e-01 2.838387e-01 -4.348123e-01 1.754540e-01 4.855323e-02 -1.981344e-02 7.201287e-01 -3.728639e-02
4.536391e-01 1.064301e-01 2.541077e-01 2.760230e-01 -4.570692e-01 1.750491e-01 4.607538e-02 -2.926094e-02 7.128570e-01 -3.446471e-02
4.560579e-01 1.097609e-01 2.525501e-01 2.686890e-01 -4.803080e-01 1.749045e-01 4.394903e-02 -3.839544e-02 7.040168e-01 -3.152361e-02
4.577143e-01 1.130446e-01 2.514064e-01 2.618177e-01 -5.041303e-01 1.749327e-01 4.209985e-02 -4.720017e-02 6.934046e-01 -2.846617e-02
4.584223e-01 1.161528e-01 2.505862e-01 2.553846e-01 -5.280291e-01 1.750495e-01 4.044374e-02 -5.564332e-02 6.808818e-01 -2.531702e-02
4.580108e-01 1.189702e-01 2.499862e-01 2.493577e-01 -5.514276e-01 1.751762e-01 3.888757e-02 -6.368915e-02 6.664293e-01 -2.212671e-02
4.563509e-01 1.214063e-01 2.494981e-01 2.436984e-01 -5.737451e-01 1.752439e-01 3.733501e-02 -7.130871e-02 6.501970e-01 -1.896913e-02
4.533833e-01 1.234063e-01 2.490210e-01 2.383650e-01 -5.944701e-01 1.751980e-01 3.569690e-02 -7.848663e-02 6.325222e-01 -1.593053e-02
4.491344e-01 1.249553e-01 2.484734e-01 2.333189e-01 -6.132166e-01 1.750021e-01 3.390214e-02 -8.522254e-02 6.138958e-01 -1.309340e-02
4.437142e-01 1.260733e-01 2.477998e-01 2.285282e-01 -6.297498e-01 1.746370e-01 3.190469e-02 -9.152873e-02 5.948809e-01 -1.052170e-02
4.372970e-01 1.268034e-01 2.469717e-01 2.239695e-01 -6.439815e-01 1.740973e-01 2.968467e-02 -9.742656e-02 5.760165e-01 -8.252703e-03
4.300940e-01 1.271998e-01 2.459834e-01 2.196267e-01 -6.559476e-01 1.733869e-01 2.724486e-02 -1.029433e-01 5.577418e-01 -6.296529e-03
4.223255e-01 1.273195e-01 2.448452e-01 2.154890e-01 -6.657772e-01 1.725149e-01 2.460511e-02 -1.081093e-01 5.403622e-01 -4.640974e-03
4.141999e-01 1.272170e-01 2.435780e-01 2.115489e-01 -6.736624e-01 1.714932e-01 2.179635e-02 -1.129567e-01 5.240531e-01 -3.258624e-03
4.058995e-01 1.269425e-01 2.422073e-01 2.078007e-01 -6.798317e-01 1.703355e-01 1.885525e-02 -1.175171e-01 5.088855e-01 -2.113822e-03
3.975744e-01 1.265411e-01 2.407603e-01 2.042391e-01 -6.845270e-01 1.690559e-01 1.581997e-02 -1.218215e-01 4.948576e-01 -1.168267e-03
3.893417e-01 1.260526e-01 2.392630e-01 2.008591e-01 -6.879877e-01 1.676685e-01 1.272710e-02 -1.258984e-01 4.819228e-01 -3.848949e-04
3.812879e-01 1.255111e-01 2.377387e-01 1.976549e-01 -6.904383e-01 1.661872e-01 9.609742e-03 -1.297743e-01 4.700106e-01 2.698234e-04
3.734741e-01 1.249460e-01 2.362079e-01 1.946203e-01 -6.920811e-01 1.646253e-01 6.496631e-03 -1.334728e-01 4.590406e-01 8.248039e-04
3.659401e-01 1.243814e-01 2.346873e-01 1.917485e-01 -6.930928e-01 1.629958e-01 3.411833e-03 -1.370148e-01 4.489311e-01 1.304119e-03
3.587098e-01 1.238371e-01 2.331907e-01 1.890324e-01 -6.936230e-01 1.613106e-01 3.749406e-04 -1.404182e-01 4.396034e-01 1.727277e-03
3.517950e-01 1.233291e-01 2.317290e-01 1.864646e-01 -6.937955e-01 1.595814e-01 -2.598522e-03 -1.436984e-01 4.309844e-01 2.109766e-03
3.451984e-01 1.228697e-01 2.303106e-01 1.840376e-01 -6.937104e-01 1.578187e-01 -5.496592e-03 -1.468684e-01 4.230074e-01 2.463690e-03
3.389168e-01 1.224684e-01 2.289420e-01 1.817439e-01 -6.934469e-01 1.560327e-01 -8.310346e-03 -1.499389e-01 4.156120e-01 2.798393e-03
3.329422e-01 1.221323e-01 2.276279e-01 1.795762e-01 -6.930665e-01 1.542325e-01 -1.103340e-02 -1.529190e-01 4.087441e-01 3.121021e-03
3.272641e-01 1.218662e-01 2.263713e-01 1.775276e-01 -6.926159e-01 1.524265e-01 -1.366148e-02 -1.558159e-01 4.023553e-01 3.436995e-03
3.218701e-01 1.216733e-01 2.251746e-01 1.755914e-01 -6.921300e-01 1.506222e-01 -1.619201e-02 -1.586357e-01 3.964021e-01 3.750394e-03
3.167467e-01 1.215553e-01 2.240388e-01 1.737613e-01 -6.916344e-01 1.488263e-01 -1.862379e-02 -1.613836e-01 3.908456e-01 4.064267e-03
3.118801e-01 1.215128e-01 2.229644e-01 1.720314e-01 -6.911471e-01 1.470445e-01 -2.095671e-02 -1.640636e-01 3.856511e-01 4.380858e-03
3.072564e-01 1.215454e-01 2.219510e-01 1.703960e-01 -6.906806e-01 1.452819e-01 -2.319153e-02 -1.666792e-01 3.807873e-01 4.701798e-03
3.028618e-01 1.216522e-01 2.209981e-01 1.688500e-01 -6.902431e-01 1.435428e-01 -2.532966e-02 -1.692332e-01 3.762261e-01 5.028239e-03
2.986832e-01 1.218314e-01 2.201045e-01 1.673885e-01 -6.898395e-01 1.418305e-01 -2.737302e-02 -1.717280e-01 3.719423e-01 5.360958e-03
2.947076e-01 1.220809e-01 2.192686e-01 1.660071e-01 -6.894724e-01 1.401482e-01 -2.932391e-02 -1.741657e-01 3.679128e-01 5.700440e-03
2.909230e-01 1.223985e-01 2.184889e-01 1.647015e-01 -6.891425e-01 1.384981e-01 -3.118491e-02 -1.765479e-01 3.641171e-01 6.046940e-03
2.873178e-01 1.227813e-01 2.177635e-01 1.634678e-01 -6.888496e-01 1.368820e-01 -3.295880e-02 -1.788761e-01 3.605364e-01 6.400531e-03
2.838810e-01 1.232266e-01 2.170902e-01 1.623023e-01 -6.885922e-01 1.353015e-01 -3.464847e-02 -1.811514e-01 3.571537e-01 6.761138e-03
2.806023e-01 1.237315e-01 2.164670e-01 1.612017e-01 -6.883687e-01 1.337574e-01 -3.625689e-02 -1.833748e-01 3.539534e-01 7.128573e-03
2.774720e-01 1.242930e-01 2.158916e-01 1.601627e-01 -6.881767e-01 1.322507e-01 -3.778708e-02 -1.855471e-01 3.509213e-01 7.502554e-03
2.744811e-01 1.249080e-01 2.153618e-01 1.591824e-01 -6.880137e-01 1.307817e-01 -3.924206e-02 -1.876691e-01 3.480446e-01 7.882726e-03
2.716210e-01 1.255734e-01 2.148752e-01 1.582581e-01 -6.878771e-01 1.293506e-01 -4.062481e-02 -1.897413e-01 3.453112e-01 8.268675e-03
2.688835e-01 1.262864e-01 2.144295e-01 1.573870e-01 -6.877643e-01 1.279575e-01 -4.193832e-02 -1.917641e-01 3.427102e-01 8.659943e-03
2.662613e-01 1.270439e-01 2.140224e-01 1.565667e-01 -6.876727e-01 1.266023e-01 -4.318547e-02 -1.937377e-01 3.402317e-01 9.056034e-03
2.637471e-01 1.278429e-01 2.136516e-01 1.557950e-01 -6.875997e-01 1.252847e-01 -4.436912e-02 -1.956624e-01 3.378663e-01 9.456424e-03
2.613345e-01 1.286807e-01 2.133149e-01 1.550696e-01 -6.875428e-01 1.240044e-01 -4.549204e-02 -1.975384e-01 3.356054e-01 9.860571e-03
2.590170e-01 1.295543e-01 2.130099e-01 1.543886e-01 -6.874996e-01 1.227609e-01 -4.655693e-02 -1.993655e-01 3.334410e-01 1.026791e-02
2.567889e-01 1.304612e-01 2.127344e-01 1.537500e-01 -6.874678e-01 1.215537e-01 -4.756640e-02 -2.011437e-01 3.313659e-01 1.067788e-02
2.546447e-01 1.313985e-01 2.124862e-01 1.531519e-01 -6.874452e-01 1.203824e-01 -4.852299e-02 -2.028728e-01 3.293731e-01 1.108989e-02
2.525790e-01 1.323637e-01 2.122633e-01 1.525926e-01 -6.874296e-01 1.192462e-01 -4.942915e-02 -2.045527e-01 3.274563e-01 1.150335e-02
2.505871e-01 1.333543e-01 2.120635e-01 1.520706e-01 -6.874191e-01 1.181447e-01 -5.028725e-02 -2.061828e-01 3.256094e-01 1.191767e-02
2.486642e-01 1.343678e-01 2.118847e-01 1.515842e-01 -6.874117e-01 1.170772e-01 -5.109958e-02 -2.077629e-01 3.238270e-01 1.233226e-02
2.468060e-01 1.354018e-01 2.117249e-01 1.511320e-01 -6.874056e-01 1.160432e-01 -5.186835e-02 -2.092923e-01 3.221038e-01 1.274652e-02
2.450083e-01 1.364539e-01 2.115821e-01 1.507126e-01 -6.873990e-01 1.150419e-01 -5.259569e-02 -2.107705e-01 3.204348e-01 1.315983e-02
2.432672e-01 1.375219e-01 2.114544e-01 1.503247e-01 -6.873902e-01 1.140729e-01 -5.328366e-02 -2.121969e-01 3.188156e-01 1.357158e-02
2.415789e-01 1.386034e-01 2.113398e-01 1.499668e-01 -6.873775e-01 1.131355e-01 -5.393424e-02 -2.135705e-01 3.172416e-01 1.398117e-02
2.399399e-01 1.396964e-01 2.112364e-01 1.496379e-01 -6.873591e-01 1.122292e-01 -5.454936e-02 -2.148907e-01 3.157090e-01 1.438797e-02
2.383468e-01 1.407985e-01 2.111424e-01 1.493368e-01 -6.873335e-01 1.113535e-01 -5.513086e-02 -2.161565e-01 3.142137e-01 1.479134e-02
2.367962e-01 1.419077e-01 2.110558e-01 1.490622e-01 -6.872991e-01 1.105079e-01 -5.568055e-02 -2.173669e-01 3.127521e-01 1.519065e-02
2.352852e-01 1.430218e-01 2.109749e-01 1.488132e-01 -6.872541e-01 1.096919e-01 -5.620017e-02 -2.185207e-01 3.113207e-01 1.558524e-02
2.338107e-01 1.441387e-01 2.108978e-01 1.485886e-01 -6.871970e-01 1.089050e-01 -5.669140e-02 -2.196169e-01 3.099164e-01 1.597445e-02
2.323699e-01 1.452563e-01 2.108228e-01 1.483874e-01 -6.871262e-01 1.081470e-01 -5.715588e-02 -2.206541e-01 3.085358e-01 1.635760e-02
2.309599e-01 1.463725e-01 2.107480e-01 1.482087e-01 -6.870398e-01 1.074174e-01 -5.759522e-02 -2.216310e-01 3.071760e-01 1.673398e-02
2.295782e-01 1.474850e-01 2.106716e-01 1.480513e-01 -6.869362e-01 1.067158e-01 -5.801096e-02 -2.225462e-01 3.058342e-01 1.710288e-02
2.282221e-01 1.485919e-01 2.105918e-01 1.479144e-01 -6.868138e-01 1.060422e-01 -5.840464e-02 -2.233982e-01 3.045077e-01 1.746357e-02
2.268891e-01 1.496909e-01 2.105069e-01 1.477971e-01 -6.866706e-01 1.053962e-01 -5.877774e-02 -2.241853e-01 3.031939e-01 1.781527e-02
2.255768e-01 1.507797e-01 2.104150e-01 1.476983e-01 -6.865048e-01 1.047777e-01 -5.913172e-02 -2.249059e-01 3.018903e-01 1.815721e-02
2.242829e-01 1.518563e-01 2.103142e-01 1.476171e-01 -6.863147e-01 1.041865e-01 -5.946803e-02 -2.255582e-01 3.005945e-01 1.848857e-02
2.230050e-01 1.529182e-01 2.102028e-01 1.475527e-01 -6.860983e-01 1.036226e-01 -5.978807e-02 -2.261402e-01 2.993043e-01 1.880850e-02
2.217409e-01 1.539631e-01 2.100789e-01 1.475041e-01 -6.858538e-01 1.030861e-01 -6.009324e-02 -2.266501e-01 2.980176e-01 1.911614e-02
2.204885e-01 1.549887e-01 2.099406e-01 1.474704e-01 -6.855791e-01 1.025769e-01 -6.038493e-02 -2.270856e-01 2.967322e-01 1.941056e-02
2.192455e-01 1.559923e-01 2.097861e-01 1.474507e-01 -6.852722e-01 1.020952e-01 -6.066451e-02 -2.274447e-01 2.954463e-01 1.969083e-02
2.180098e-01 1.569716e-01 2.096133e-01 1.474442e-01 -6.849313e-01 1.016412e-01 -6.093333e-02 -2.277249e-01 2.941581e-01 1.995596e-02
2.167795e-01 1.579237e-01 2.094204e-01 1.474498e-01 -6.845543e-01 1.012152e-01 -6.119274e-02 -2.279240e-01 2.928657e-01 2.020493e-02
2.155525e-01 1.588461e-01 2.092055e-01 1.474668e-01 -6.841393e-01 1.008176e-01 -6.144410e-02 -2.280393e-01 2.915675e-01 2.043668e-02
2.143268e-01 1.597357e-01 2.089664e-01 1.474941e-01 -6.836842e-01 1.004487e-01 -6.168874e-02 -2.280681e-01 2.902621e-01 2.065010e-02
2.131004e-01 1.605896e-01 2.087011e-01 1.475310e-01 -6.831873e-01 1.001092e-01 -6.192802e-02 -2.280077e-01 2.889481e-01 2.084404e-02
2.118716e-01 1.614047e-01 2.084077e-01 1.475765e-01 -6.826467e-01 9.979971e-02 -6.216327e-02 -2.278550e-01 2.876240e-01 2.101729e-02
2.106384e-01 1.621778e-01 2.080840e-01 1.476297e-01 -6.820608e-01 9.952103e-02 -6.239585e-02 -2.276069e-01 2.862890e-01 2.116860e-02
2.093990e-01 1.629055e-01 2.077278e-01 1.476897e-01 -6.814278e-01 9.927405e-02 -6.262711e-02 -2.272602e-01 2.849418e-01 2.129668e-02
2.081517e-01 1.635842e-01 2.073371e-01 1.477558e-01 -6.807466e-01 9.905984e-02 -6.285841e-02 -2.268112e-01 2.835818e-01 2.140016e-02
2.068948e-01 1.642102e-01 2.069096e-01 1.478270e-01 -6.800159e-01 9.887961e-02 -6.309111e-02 -2.262564e-01 2.822083e-01 2.147764e-02
2.056266e-01 1.647796e-01 2.064432e-01 1.479025e-01 -6.792350e-01 9.873478e-02 -6.332661e-02 -2.255918e-01 2.808209e-01 2.152764e-02
2.043456e-01 1.652882e-01 2.059356e-01 1.479817e-01 -6.784032e-01 9.862693e-02 -6.356629e-02 -2.248132e-01 2.794193e-01 2.154864e-02
2.030502e-01 1.657318e-01 2.053848e-01 1.480637e-01 -6.775207e-01 9.855792e-02 -6.381154e-02 -2.239163e-01 2.780038e-01 2.153905e-02
2.017393e-01 1.661059e-01 2.047883e-01 1.481480e-01 -6.765881e-01 9.852982e-02 -6.406379e-02 -2.228962e-01 2.765746e-01 2.149723e-02
2.004114e-01 1.664056e-01 2.041442e-01 1.482340e-01 -6.756066e-01 9.854501e-02 -6.432446e-02 -2.217480e-01 2.751327e-01 2.142148e-02
1.990655e-01 1.666260e-01 2.034503e-01 1.483214e-01 -6.745785e-01 9.860621e-02 -6.459500e-02 -2.204663e-01 2.736791e-01 2.131002e-02
1.977008e-01 1.667618e-01 2.027044e-01 1.484098e-01 -6.735070e-01 9.871647e-02 -6.487688e-02 -2.190454e-01 2.722157e-01 2.116103e-02
1.963164e-01 1.668074e-01 2.019048e-01 1.484991e-01 -6.723968e-01 9.887930e-02 -6.517156e-02 -2.174792e-01 2.707447e-01 2.097263e-02
1.949120e-01 1.667571e-01 2.010495e-01 1.485895e-01 -6.712542e-01 9.909863e-02 -6.548057e-02 -2.157610e-01 2.692691e-01 2.074289e-02
1.934873e-01 1.666048e-01 2.001369e-01 1.486814e-01 -6.700876e-01 9.937896e-02 -6.580541e-02 -2.138839e-01 2.677928e-01 2.046982e-02
1.920428e-01 1.663441e-01 1.991657e-01 1.487756e-01 -6.689078e-01 9.972533e-02 -6.614764e-02 -2.118404e-01 2.663207e-01 2.015141e-02
1.905789e-01 1.659684e-01 1.981347e-01 1.488730e-01 -6.677288e-01 1.001435e-01 -6.650886e-02 -2.096224e-01 2.648585e-01 1.978561e-02
1.890971e-01 1.654708e-01 1.970433e-01 1.489754e-01 -6.665681e-01 1.006398e-01 -6.689070e-02 -2.072215e-01 2.634136e-01 1.937036e-02
1.875990e-01 1.648443e-01 1.958912e-01 1.490847e-01 -6.654475e-01 1.012216e-01 -6.729483e-02 -2.046286e-01 2.619946e-01 1.890360e-02
1.860873e-01 1.640815e-01 1.946789e-01 1.492037e-01 -6.643941e-01 1.018969e-01 -6.772301e-02 -2.018341e-01 2.606120e-01 1.838331e-02
1.845654e-01 1.631751e-01 1.934073e-01 1.493356e-01 -6.634403e-01 1.026747e-01 -6.817706e-02 -1.988280e-01 2.592781e-01 1.780752e-02
1.830378e-01 1.621176e-01 1.920784e-01 1.494846e-01 -6.626247e-01 1.035650e-01 -6.865891e-02 -1.955999e-01 2.580072e-01 1.717440e-02
1.815100e-01 1.609017e-01 1.906951e-01 1.496557e-01 -6.619920e-01 1.045789e-01 -6.917060e-02 -1.921388e-01 2.568158e-01 1.648225e-02
1.799889e-01 1.595201e-01 1.892612e-01 1.498545e-01 -6.615924e-01 1.057286e-01 -6.971426e-02 -1.884335e-01 2.557228e-01 1.572960e-02
1.784831e-01 1.579661e-01 1.877821e-01 1.500881e-01 -6.614806e-01 1.070274e-01 -7.029213e-02 -1.844721e-01 2.547490e-01 1.491529e-02
1.770028e-01 1.562333e-01 1.862643e-01 1.503645e-01 -6.617131e-01 1.084900e-01 -7.090650e-02 -1.802424e-01 2.539179e-01 1.403853e-02
1.755604e-01 1.543160e-01 1.847162e-01 1.506930e-01 -6.623453e-01 1.101327e-01 -7.155966e-02 -1.757314e-01 2.532549e-01 1.309900e-02
1.741708e-01 1.522093e-01 1.831479e-01 1.510847e-01 -6.634281e-01 1.119734e-01 -7.225385e-02 -1.709251e-01 2.527879e-01 1.209694e-02
1.728519e-01 1.499094e-01 1.815716e-01 1.515524e-01 -6.650044e-01 1.140323e-01 -7.299111e-02 -1.658078e-01 2.525472e-01 1.103323e-02
1.716251e-01 1.474133e-01 1.800018e-01 1.521115e-01 -6.671066e-01 1.163317e-01 -7.377328e-02 -1.603622e-01 2.525664e-01 9.909432e-03
1.705163e-01 1.447194e-01 1.784558e-01 1.527800e-01 -6.697560e-01 1.188968e-01 -7.460193e-02 -1.545681e-01 2.528826e-01 8.727880e-03
1.695561e-01 1.418273e-01 1.769535e-01 1.535790e-01 -6.729639e-01 1.217557e-01 -7.547837e-02 -1.484022e-01 2.535373e-01 7.491706e-03
1.687813e-01 1.387381e-01 1.755181e-01 1.545335e-01 -6.767348e-01 1.249399e-01 -7.640371e-02 -1.418372e-01 2.545770e-01 6.204932e-03
1.682359e-01 1.354541e-01 1.741759e-01 1.556725e-01 -6.810711e-01 1.284850e-01 -7.737895e-02 -1.348411e-01 2.560535e-01 4.872576e-03
1.679722e-01 1.319795e-01 1.729566e-01 1.570298e-01 -6.859785e-01 1.324307e-01 -7.840511e-02 -1.273760e-01 2.580244e-01 3.500805e-03
1.680534e-01 1.283203e-01 1.718940e-01 1.586446e-01 -6.914711e-01 1.368219e-01 -7.948335e-02 -1.193972e-01 2.605531e-01 2.097139e-03
1.685554e-01 1.244843e-01 1.710259e-01 1.605622e-01 -6.975771e-01 1.417097e-01 -8.061513e-02 -1.108519e-01 2.637095e-01 6.706968e-04
1.695698e-01 1.204816e-01 1.703952e-01 1.628351e-01 -7.043439e-01 1.471520e-01 -8.180239e-02 -1.016778e-01 2.675694e-01 -7.675272e-04
1.712075e-01 1.163244e-01 1.700498e-01 1.655239e-01 -7.118436e-01 1.532153e-01 -8.304767e-02 -9.180192e-02 2.722155e-01 -2.204379e-03
1.736024e-01 1.120278e-01 1.700443e-01 1.686978e-01 -7.201784e-01 1.599753e-01 -8.435427e-02 -8.114028e-02 2.777370e-01 -3.624295e-03
1.769140e-01 1.076094e-01 1.704394e-01 1.724351e-01 -7.294859e-01 1.675172e-01 -8.572621e-02 -6.959852e-02 2.842297e-01 -5.009166e-03
1.813282e-01 1.030901e-01 1.713025e-01 1.768219e-01 -7.399421e-01 1.759349e-01 -8.716813e-02 -5.707508e-02 2.917939e-01 -6.338406e-03
1.870535e-01 9.849428e-02 1.727056e-01 1.819495e-01 -7.517598e-01 1.853283e-01 -8.868474e-02 -4.346761e-02 3.005324e-01 -7.589363e-03
1.943090e-01 9.385027e-02 1.747233e-01 1.879089e-01 -7.651769e-01 1.957985e-01 -9.027985e-02 -2.868305e-02 3.105453e-01 -8.738142e-03
2.033046e-01 8.919060e-02 1.774285e-01 1.947842e-01 -7.804306e-01 2.074412e-01 -9.195484e-02 -1.264980e-02 3.219259e-01 -9.760815e-03
2.142142e-01 8.455229e-02 1.808875e-01 2.026450e-01 -7.977192e-01 2.203407e-01 -9.370672e-02 4.672142e-03 3.347563e-01 -1.063483e-02
2.271548e-01 7.997666e-02 1.851572e-01 2.115426e-01 -8.171633e-01 2.345659e-01 -9.552624e-02 2.328817e-02 3.491067e-01 -1.134042e-02
2.421784e-01 7.550880e-02 1.902829e-01 2.215108e-01 -8.387845e-01 2.501702e-01 -9.739665e-02 4.317510e-02 3.650379e-01 -1.186202e-02
2.592812e-01 7.119668e-02 1.962978e-01 2.325687e-01 -8.625156e-01 2.671918e-01 -9.929331e-02 6.429209e-02 3.826028e-01 -1.218953e-02
2.784224e-01 6.709009e-02 2.032224e-01 2.447248e-01 -8.882381e-01 2.856527e-01 -1.011836e-01 8.658907e-02 4.018449e-01 -1.231942e-02
2.995380e-01 6.323954e-02 2.110615e-01 2.579765e-01 -9.158260e-01 3.055512e-01 -1.030268e-01 1.100078e-01 4.227906e-01 -1.225521e-02
3.225466e-01 5.969488e-02 2.197997e-01 2.723062e-01 -9.451765e-01 3.268494e-01 -1.047729e-01 1.344744e-01 4.454343e-01 -1.200731e-02
3.473432e-01 5.650338e-02 2.293942e-01 2.876736e-01 -9.762199e-01 3.494529e-01 -1.063614e-01 1.598854e-01 4.697169e-01 -1.159241e-02
3.737843e-01 5.370730e-02 2.397647e-01 3.040021e-01 -1.008916e+00 3.731812e-01 -1.077187e-01 1.860855e-01 4.954941e-01 -1.103234e-02
4.016634e-01 5.134137e-02 2.507804e-01 3.211623e-01 -1.043249e+00 3.977304e-01 -1.087543e-01 2.128402e-01 5.224955e-01 -1.035111e-02
4.306801e-01 4.943139e-02 2.622494e-01 3.389552e-01 -1.079218e+00 4.226388e-01 -1.093544e-01 2.398111e-01 5.502820e-01 -9.567939e-03
4.604198e-01 4.799514e-02 2.739192e-01 3.571083e-01 -1.116832e+00 4.472816e-01 -1.093736e-01 2.665555e-01 5.782268e-01 -8.684694e-03
4.903607e-01 4.704539e-02 2.854980e-01 3.752984e-01 -1.156077e+00 4.709259e-01 -1.086315e-01 2.925698e-01 6.055527e-01 -7.671477e-03
5.199152e-01 4.659141e-02 2.966949e-01 3.931951e-01 -1.196916e+00 4.928527e-01 -1.069277e-01 3.173687e-01 6.314441e-01 -6.461513e-03
5.485028e-01 4.663621e-02 3.072685e-01 4.105090e-01 -1.239324e+00 5.125059e-01 -1.040798e-01 3.405660e-01 6.552139e-01 -4.964473e-03
5.756508e-01 4.717193e-02 3.170637e-01 4.270307e-01 -1.283322e+00 5.296002e-01 -9.996655e-02 3.619273e-01 6.764656e-01 -3.092469e-03
6.010915e-01 4.817875e-02 3.260271e-01 4.426480e-01 -1.328938e+00 5.441400e-01 -9.454713e-02 3.813814e-01 6.951785e-01 -7.817200e-04
6.248075e-01 4.963025e-02 3.341936e-01 4.573416e-01 -1.376146e+00 5.563507e-01 -8.784666e-02 3.989925e-01 7.116723e-01 2.002432e-03
6.469965e-01 5.150378e-02 3.416596e-01 4.711634e-01 -1.424818e+00 5.665713e-01 -7.991760e-02 4.149132e-01 7.264754e-01 5.276957e-03
6.679825e-01 5.379244e-02 3.485555e-01 4.842118e-01 -1.474719e+00 5.751580e-01 -7.079631e-02 4.293367e-01 7.401725e-01 9.060888e-03
6.881232e-01 5.651613e-02 3.550309e-01 4.966124e-01 -1.525538e+00 5.824274e-01 -6.046705e-02 4.424606e-01 7.532930e-01 1.339554e-02
7.077456e-01 5.973181e-02 3.612541e-01 5.085093e-01 -1.576935e+00 5.886343e-01 -4.883413e-02 4.544668e-01 7.662581e-01 1.836224e-02
7.271161e-01 6.354548e-02 3.674245e-01 5.200673e-01 -1.628569e+00 5.939736e-01 -3.569520e-02 4.655126e-01 7.793711e-01 2.409945e-02
7.464356e-01 6.813004e-02 3.737977e-01 5.314853e-01 -1.680135e+00 5.985921e-01 -2.070418e-02 4.757309e-01 7.928295e-01 3.082368e-02
7.658495e-01 7.375428e-02 3.807253e-01 5.430215e-01 -1.731371e+00 6.026018e-01 -3.311350e-03 4.852329e-01 8.067440e-01 3.885895e-02
7.854601e-01 8.082551e-02 3.887109e-01 5.550310e-01 -1.782073e+00 6.060917e-01 1.732268e-02 4.941126e-01 8.211584e-01 4.867196e-02
8.053170e-01 8.991961e-02 3.984495e-01 5.679945e-01 -1.832099e+00 6.091392e-01 4.237008e-02 5.024480e-01 8.360707e-01 6.086945e-02
8.253251e-01 1.016496e-01 4.106596e-01 5.824086e-01 -1.881365e+00 6.118206e-01 7.295146e-02 5.102971e-01 8.514559e-01 7.597249e-02
8.450854e-01 1.161050e-01 4.253918e-01 5.983192e-01 -1.929822e+00 6.142163e-01 1.086667e-01 5.176931e-01 8.672787e-01 9.375337e-02
8.640118e-01 1.323347e-01 4.415951e-01 6.150290e-01 -1.977390e+00 6.164028e-01 1.466111e-01 5.246652e-01 8.834886e-01 1.129163e-01
8.816368e-01 1.488010e-01 4.577391e-01 6.315247e-01 -2.023923e+00 6.184467e-01 1.832617e-01 5.312749e-01 9.000491e-01 1.318993e-01
8.978515e-01 1.644229e-01 4.727154e-01 6.470614e-01 -2.069250e+00 6.203959e-01 2.167506e-01 5.376123e-01 9.169324e-01 1.498178e-01
9.128227e-01 1.789001e-01 4.862257e-01 6.614412e-01 -2.113235e+00 6.222806e-01 2.469506e-01 5.437669e-01 9.340826e-01 1.665605e-01
9.267468e-01 1.923363e-01 4.984398e-01 6.747966e-01 -2.155798e+00 6.241233e-01 2.744355e-01 5.498141e-01 9.514111e-01 1.823581e-01
9.397486e-01 2.049218e-01 5.096304e-01 6.873369e-01 -2.196906e+00 6.259459e-01 2.998204e-01 5.558170e-01 9.688111e-01 1.974799e-01
9.518825e-01 2.168123e-01 5.200174e-01 6.992361e-01 -2.236558e+00 6.277733e-01 3.235589e-01 5.618316e-01 9.861722e-01 2.121321e-01
9.631596e-01 2.281083e-01 5.297398e-01 7.106111e-01 -2.274772e+00 6.296333e-01 3.459398e-01 5.679103e-01 1.003389e+00 2.264483e-01
9.735702e-01 2.388669e-01 5.388725e-01 7.215322e-01 -2.311582e+00 6.315564e-01 3.671343e-01 5.741028e-01 1.020362e+00 2.405082e-01
9.830976e-01 2.491166e-01 5.474491e-01 7.320397e-01 -2.347028e+00 6.335726e-01 3.872407e-01 5.804545e-01 1.037001e+00 2.543578e-01
9.917246e-01 2.588701e-01 5.554809e-01 7.421552e-01 -2.381160e+00 6.357095e-01 4.063166e-01 5.870029e-01 1.053224e+00 2.680242e-01
9.994351e-01 2.681316e-01 5.629684e-01 7.518889e-01 -2.414023e+00 6.379871e-01 4.243988e-01 5.937730e-01 1.068955e+00 2.815249e-01
1.006212e+00 2.769022e-01 5.699090e-01 7.612415e-01 -2.445656e+00 6.404112e-01 4.415144e-01 6.007681e-01 1.084124e+00 2.948740e-01
1.012030e+00 2.851822e-01 5.763008e-01 7.702014e-01 -2.476081e+00 6.429613e-01 4.576876e-01 6.079569e-01 1.098661e+00 3.080861e-01
1.016840e+00 2.929731e-01 5.821444e-01 7.787374e-01 -2.505296e+00 6.455721e-01 4.729426e-01 6.152521e-01 1.112492e+00 3.211796e-01
1.020530e+00 3.002786e-01 5.874432e-01 7.867814e-01 -2.533266e+00 6.480964e-01 4.873047e-01 6.224699e-01 1.125511e+00 3.341808e-01
1.022861e+00 3.071066e-01 5.922037e-01 7.942047e-01 -2.559929e+00 6.502484e-01 5.008018e-01 6.292727e-01 1.137549e+00 3.471314e-01
1.023919e+00 3.134937e-01 5.964823e-01 8.009211e-01 -2.585533e+00 6.517678e-01 5.135087e-01 6.353622e-01 1.148928e+00 3.601197e-01
1.026298e+00 3.195266e-01 6.004827e-01 8.074179e-01 -2.611663e+00 6.535088e-01 5.256083e-01 6.416365e-01 1.162725e+00 3.732576e-01
1.025549e+00 3.247731e-01 6.034005e-01 8.128941e-01 -2.634509e+00 6.544425e-01 5.363009e-01 6.472224e-01 1.173357e+00 3.859352e-01
1.033534e+00 3.304459e-01 6.073777e-01 8.203700e-01 -2.662539e+00 6.582248e-01 5.481111e-01 6.562305e-01 1.195080e+00 3.998215e-01
1.020715e+00 3.337687e-01 6.073628e-01 8.241192e-01 -2.674617e+00 6.579716e-01 5.555147e-01 6.619187e-01 1.190315e+00 4.109454e-01
1.024493e+00 3.403498e-01 6.135727e-01 8.276164e-01 -2.695452e+00 6.529862e-01 5.698303e-01 6.595989e-01 1.212136e+00 4.286414e-01
1.030123e+00 3.426801e-01 6.130430e-01 8.293453e-01 -2.706506e+00 6.517325e-01 5.754713e-01 6.621247e-01 1.233625e+00 4.398760e-01
1.018159e+00 3.457473e-01 6.131308e-01 8.328153e-01 -2.716472e+00 6.509792e-01 5.827283e-01 6.676254e-01 1.232313e+00 4.528311e-01
1.030548e+00 3.522849e-01 6.196330e-01 8.404805e-01 -2.745646e+00 6.540427e-01 5.975201e-01 6.755153e-01 1.265272e+00 4.729242e-01
1.008420e+00 3.526694e-01 6.158040e-01 8.403043e-01 -2.741984e+00 6.500498e-01 5.996524e-01 6.780745e-01 1.251517e+00 4.834112e-01
9.913143e-01 3.579854e-01 6.210015e-01 8.377463e-01 -2.727690e+00 6.354751e-01 6.139778e-01 6.674106e-01 1.254363e+00 5.056844e-01
1.006357e+00 3.618966e-01 6.242065e-01 8.429222e-01 -2.717646e+00 6.378122e-01 6.244377e-01 6.749619e-01 1.294516e+00 5.257760e-01
9.994014e-01 3.634818e-01 6.232945e-01 8.451266e-01 -2.725564e+00 6.362324e-01 6.286570e-01 6.798528e-01 1.301117e+00 5.402535e-01
9.898476e-01 3.648584e-01 6.221434e-01 8.477996e-01 -2.728100e+00 6.349018e-01 6.318012e-01 6.852456e-01 1.303954e+00 5.539595e-01
9.747848e-01 3.681464e-01 6.248382e-01 8.482620e-01 -2.720601e+00 6.265856e-01 6.407995e-01 6.821261e-01 1.302606e+00 5.735241e-01
9.852795e-01 3.732243e-01 6.306698e-01 8.521495e-01 -2.722685e+00 6.220580e-01 6.533969e-01 6.826571e-01 1.339801e+00 5.976761e-01
9.675635e-01 3.751786e-01 6.297543e-01 8.566213e-01 -2.725574e+00 6.213807e-01 6.556161e-01 6.911751e-01 1.332989e+00 6.124815e-01
9.700080e-01 3.809278e-01 6.367006e-01 8.598288e-01 -2.714252e+00 6.136855e-01 6.694602e-01 6.888402e-01 1.360285e+00 6.396787e-01
9.453760e-01 3.829442e-01 6.357196e-01 8.610500e-01 -2.672381e+00 6.050054e-01 6.713593e-01 6.892313e-01 1.344662e+00 6.551287e-01
9.574600e-01 3.896867e-01 6.429431e-01 8.687657e-01 -2.698817e+00 6.050561e-01 6.833221e-01 6.972884e-01 1.389770e+00 6.842936e-01
9.384001e-01 3.906748e-01 6.382503e-01 8.729003e-01 -2.698049e+00 6.033092e-01 6.743496e-01 7.061237e-01 1.379792e+00 6.896705e-01
9.331282e-01 3.953075e-01 6.413009e-01 8.755956e-01 -2.704455e+00 5.956758e-01 6.776535e-01 7.049892e-01 1.398480e+00 7.107424e-01
9.283631e-01 3.982105e-01 6.402998e-01 8.775890e-01 -2.699924e+00 5.888858e-01 6.730573e-01 7.051017e-01 1.415695e+00 7.242513e-01
9.386236e-01 4.024297e-01 6.406690e-01 8.847301e-01 -2.717660e+00 5.907670e-01 6.693658e-01 7.161372e-01 1.454113e+00 7.418228e-01
9.209383e-01 4.045506e-01 6.370191e-01 8.907358e-01 -2.722826e+00 5.899195e-01 6.587501e-01 7.272145e-01 1.447440e+00 7.514156e-01
9.326845e-01 4.096463e-01 6.384306e-01 8.993647e-01 -2.748254e+00 5.940853e-01 6.558728e-01 7.406844e-01 1.488529e+00 7.796907e-01
9.086892e-01 4.101956e-01 6.318805e-01 9.041695e-01 -2.741555e+00 5.904862e-01 6.392501e-01 7.501850e-01 1.470403e+00 7.909821e-01
9.238407e-01 4.143406e-01 6.317363e-01 9.101820e-01 -2.740036e+00 5.875973e-01 6.330523e-01 7.567103e-01 1.518267e+00 8.369011e-01
9.047281e-01 4.132394e-01 6.220866e-01 9.149898e-01 -2.738050e+00 5.851016e-01 6.102694e-01 7.682835e-01 1.509468e+00 8.657908e-01
9.263717e-01 4.156681e-01 6.185169e-01 9.209317e-01 -2.733881e+00 5.839133e-01 5.976486e-01 7.768023e-01 1.566368e+00 9.458106e-01
9.154847e-01 4.127345e-01 6.057345e-01 9.256976e-01 -2.739967e+00 5.839461e-01 5.698110e-01 7.903935e-01 1.568182e+00 1.009670e+00
9.386651e-01 4.130535e-01 5.972297e-01 9.334930e-01 -2.765047e+00 5.917057e-01 5.497845e-01 8.080057e-01 1.623154e+00 1.121660e+00
9.371308e-01 4.086335e-01 5.815013e-01 9.394900e-01 -2.774859e+00 5.976188e-01 5.195492e-01 8.261175e-01 1.629136e+00 1.209380e+00
8.986175e-01 4.035419e-01 5.661311e-01 9.425130e-01 -2.772537e+00 5.890180e-01 4.929277e-01 8.358932e-01 1.592459e+00 1.321985e+00
8.984711e-01 3.996978e-01 5.521601e-01 9.388184e-01 -2.731143e+00 5.769730e-01 4.694954e-01 8.301871e-01 1.621001e+00 1.460828e+00
9.268958e-01 3.939227e-01 5.338049e-01 9.385327e-01 -2.738917e+00 5.762847e-01 4.393966e-01 8.349889e-01 1.688432e+00 1.558375e+00
9.380184e-01 3.848932e-01 5.130251e-01 9.381857e-01 -2.734429e+00 5.742482e-01 4.073461e-01 8.417613e-01 1.717009e+00 1.616629e+00
9.497127e-01 3.775555e-01 4.952127e-01 9.397694e-01 -2.737377e+00 5.733825e-01 3.807818e-01 8.508860e-01 1.743965e+00 1.690829e+00
9.429628e-01 3.701049e-01 4.777681e-01 9.425573e-01 -2.754411e+00 5.732112e-01 3.554672e-01 8.630813e-01 1.745954e+00 1.757210e+00
9.446036e-01 3.633320e-01 4.619288e-01 9.415159e-01 -2.749964e+00 5.673560e-01 3.330224e-01 8.653551e-01 1.759522e+00 1.825121e+00
9.457987e-01 3.559417e-01 4.461600e-01 9.403423e-01 -2.735148e+00 5.617180e-01 3.108850e-01 8.676237e-01 1.771215e+00 1.873984e+00
9.545469e-01 3.494666e-01 4.315908e-01 9.401563e-01 -2.732755e+00 5.575761e-01 2.903860e-01 8.714751e-01 1.794240e+00 1.918719e+00
9.577261e-01 3.427273e-01 4.174882e-01 9.404489e-01 -2.723281e+00 5.534183e-01 2.706451e-01 8.760062e-01 1.807137e+00 1.948283e+00
9.618555e-01 3.367614e-01 4.045071e-01 9.413183e-01 -2.719219e+00 5.495411e-01 2.524828e-01 8.811483e-01 1.821538e+00 1.977252e+00
9.656725e-01 3.310891e-01 3.922044e-01 9.430038e-01 -2.717908e+00 5.464624e-01 2.352110e-01 8.874532e-01 1.834592e+00 1.997876e+00
9.714326e-01 3.259473e-01 3.806555e-01 9.463239e-01 -2.725221e+00 5.453448e-01 2.188731e-01 8.962458e-01 1.849308e+00 2.012760e+00
9.633539e-01 3.208789e-01 3.693964e-01 9.516349e-01 -2.748623e+00 5.466309e-01 2.027663e-01 9.085542e-01 1.846126e+00 2.020165e+00
9.411929e-01 3.157649e-01 3.586452e-01 9.545022e-01 -2.765516e+00 5.433322e-01 1.875171e-01 9.162520e-01 1.826667e+00 2.031770e+00
9.433705e-01 3.114325e-01 3.492541e-01 9.545828e-01 -2.738961e+00 5.395819e-01 1.743633e-01 9.178671e-01 1.836069e+00 2.049099e+00
9.567597e-01 3.075081e-01 3.401168e-01 9.568292e-01 -2.737746e+00 5.381663e-01 1.611764e-01 9.233326e-01 1.861355e+00 2.054997e+00
9.687873e-01 3.036487e-01 3.312876e-01 9.626933e-01 -2.747913e+00 5.402802e-01 1.480925e-01 9.342587e-01 1.881967e+00 2.049788e+00
9.346527e-01 2.986142e-01 3.221292e-01 9.665053e-01 -2.757341e+00 5.376432e-01 1.344976e-01 9.422685e-01 1.843697e+00 2.045488e+00
9.403744e-01 2.957981e-01 3.147976e-01 9.674536e-01 -2.741599e+00 5.346993e-01 1.239091e-01 9.446763e-01 1.857669e+00 2.070929e+00
9.500721e-01 2.923547e-01 3.071320e-01 9.708513e-01 -2.733820e+00 5.342093e-01 1.123620e-01 9.510125e-01 1.875500e+00 2.067685e+00
9.613472e-01 2.896842e-01 2.998862e-01 9.795328e-01 -2.759517e+00 5.390220e-01 1.010520e-01 9.650692e-01 1.895929e+00 2.063371e+00
9.431205e-01 2.864045e-01 2.926004e-01 9.888723e-01 -2.774655e+00 5.423417e-01 8.961337e-02 9.792626e-01 1.874067e+00 2.053459e+00
9.278995e-01 2.834399e-01 2.857880e-01 9.964529e-01 -2.777846e+00 5.441180e-01 7.896302e-02 9.902757e-01 1.855496e+00 2.052430e+00
9.185003e-01 2.803645e-01 2.790663e-01 1.004592e+00 -2.785567e+00 5.468122e-01 6.815944e-02 1.001982e+00 1.847161e+00 2.047055e+00
9.093044e-01 2.772272e-01 2.725620e-01 1.012970e+00 -2.795256e+00 5.496147e-01 5.746219e-02 1.013795e+00 1.840744e+00 2.044736e+00
9.006196e-01 2.742282e-01 2.663518e-01 1.020924e+00 -2.807697e+00 5.519249e-01 4.707318e-02 1.024855e+00 1.837263e+00 2.049780e+00
8.977492e-01 2.715106e-01 2.605101e-01 1.028532e+00 -2.818488e+00 5.544114e-01 3.707725e-02 1.035216e+00 1.842404e+00 2.058833e+00
8.878644e-01 2.684210e-01 2.546127e-01 1.035062e+00 -2.833630e+00 5.552398e-01 2.684912e-02 1.044260e+00 1.840129e+00 2.067099e+00
8.755452e-01 2.655080e-01 2.488502e-01 1.039826e+00 -2.861021e+00 5.542678e-01 1.679074e-02 1.051373e+00 1.839188e+00 2.083255e+00
8.540806e-01 2.622308e-01 2.439893e-01 1.037589e+00 -2.786157e+00 5.538674e-01 8.369370e-03 1.048445e+00 1.810444e+00 2.099464e+00
8.931158e-01 2.630072e-01 2.402200e-01 1.043190e+00 -2.805350e+00 5.579321e-01 1.304033e-03 1.056202e+00 1.879512e+00 2.137083e+00
8.664727e-01 2.584180e-01 2.337588e-01 1.049149e+00 -2.830167e+00 5.568513e-01 -1.089261e-02 1.065092e+00 1.857299e+00 2.091426e+00
8.406775e-01 2.554385e-01 2.289910e-01 1.041014e+00 -2.797454e+00 5.504879e-01 -1.912729e-02 1.056041e+00 1.831238e+00 2.117704e+00
8.948762e-01 2.569484e-01 2.258855e-01 1.049559e+00 -2.822415e+00 5.582801e-01 -2.565044e-02 1.067515e+00 1.914902e+00 2.149906e+00
8.678684e-01 2.529799e-01 2.200842e-01 1.056026e+00 -2.838583e+00 5.582369e-01 -3.717373e-02 1.076652e+00 1.886794e+00 2.099501e+00
8.391294e-01 2.504120e-01 2.161441e-01 1.051396e+00 -2.774563e+00 5.556604e-01 -4.489565e-02 1.070948e+00 1.848936e+00 2.117221e+00
8.783294e-01 2.512427e-01 2.129725e-01 1.054455e+00 -2.775619e+00 5.574263e-01 -5.122796e-02 1.075502e+00 1.911381e+00 2.149162e+00
8.913427e-01 2.493699e-01 2.083897e-01 1.063905e+00 -2.796675e+00 5.636563e-01 -6.137531e-02 1.087843e+00 1.933730e+00 2.105856e+00
8.540427e-01 2.465038e-01 2.035562e-01 1.072525e+00 -2.832685e+00 5.646946e-01 -7.164017e-02 1.099200e+00 1.893340e+00 2.099160e+00
8.732818e-01 2.471158e-01 2.004985e-01 1.082774e+00 -2.858085e+00 5.719840e-01 -7.874151e-02 1.111970e+00 1.925517e+00 2.126462e+00
8.317706e-01 2.426868e-01 1.954818e-01 1.073264e+00 -2.814997e+00 5.657187e-01 -8.861868e-02 1.100371e+00 1.864164e+00 2.100822e+00
8.124351e-01 2.406710e-01 1.915161e-01 1.061071e+00 -2.789561e+00 5.576137e-01 -9.601502e-02 1.086584e+00 1.848906e+00 2.140483e+00
8.703195e-01 2.418677e-01 1.888728e-01 1.067130e+00 -2.791248e+00 5.631475e-01 -1.028521e-01 1.094510e+00 1.935895e+00 2.153700e+00
8.478688e-01 2.383403e-01 1.839381e-01 1.074121e+00 -2.813401e+00 5.635080e-01 -1.145330e-01 1.103928e+00 1.915878e+00 2.107175e+00
8.263012e-01 2.360527e-01 1.802012e-01 1.064552e+00 -2.790645e+00 5.570670e-01 -1.224838e-01 1.093097e+00 1.892235e+00 2.132866e+00
8.723725e-01 2.370176e-01 1.778425e-01 1.068963e+00 -2.776611e+00 5.603002e-01 -1.288877e-01 1.098850e+00 1.956360e+00 2.158690e+00
8.714097e-01 2.354087e-01 1.739667e-01 1.079229e+00 -2.807089e+00 5.655213e-01 -1.393124e-01 1.111637e+00 1.961014e+00 2.125584e+00
8.295473e-01 2.327562e-01 1.696489e-01 1.083941e+00 -2.835099e+00 5.628608e-01 -1.493814e-01 1.118210e+00 1.915673e+00 2.127196e+00
8.153097e-01 2.316470e-01 1.673433e-01 1.081101e+00 -2.752239e+00 5.634714e-01 -1.567747e-01 1.114253e+00 1.892836e+00 2.146893e+00
8.479067e-01 2.327613e-01 1.645966e-01 1.089134e+00 -2.790046e+00 5.685141e-01 -1.643757e-01 1.124641e+00 1.950347e+00 2.163278e+00
8.030923e-01 2.289904e-01 1.596047e-01 1.093963e+00 -2.823592e+00 5.657715e-01 -1.768004e-01 1.131587e+00 1.904949e+00 2.120240e+00
8.010034e-01 2.279896e-01 1.571853e-01 1.085889e+00 -2.765355e+00 5.633006e-01 -1.840502e-01 1.121965e+00 1.902596e+00 2.145490e+00
8.532859e-01 2.293462e-01 1.550485e-01 1.093345e+00 -2.773526e+00 5.689074e-01 -1.913695e-01 1.131319e+00 1.976904e+00 2.159049e+00
8.193223e-01 2.263852e-01 1.507760e-01 1.101909e+00 -2.807718e+00 5.704685e-01 -2.037246e-01 1.141937e+00 1.940286e+00 2.119257e+00
8.226348e-01 2.261071e-01 1.478949e-01 1.107604e+00 -2.825209e+00 5.717092e-01 -2.119866e-01 1.149244e+00 1.952112e+00 2.143780e+00
8.318231e-01 2.252226e-01 1.450665e-01 1.115103e+00 -2.816858e+00 5.753982e-01 -2.217861e-01 1.158152e+00 1.964990e+00 2.132239e+00
8.163472e-01 2.228879e-01 1.414996e-01 1.112445e+00 -2.809997e+00 5.727280e-01 -2.321652e-01 1.155120e+00 1.945041e+00 2.127755e+00
7.971106e-01 2.208115e-01 1.375897e-01 1.115695e+00 -2.842231e+00 5.700877e-01 -2.427217e-01 1.160177e+00 1.933177e+00 2.146907e+00
8.025033e-01 2.216849e-01 1.372413e-01 1.127647e+00 -2.727637e+00 5.825985e-01 -2.511108e-01 1.172628e+00 1.927593e+00 2.166145e+00
7.941527e-01 2.211285e-01 1.337505e-01 1.132835e+00 -2.776274e+00 5.821539e-01 -2.611528e-01 1.179651e+00 1.935572e+00 2.183435e+00
7.668526e-01 2.180944e-01 1.291270e-01 1.134738e+00 -2.810239e+00 5.779360e-01 -2.742339e-01 1.183325e+00 1.918014e+00 2.155996e+00
7.809766e-01 2.178454e-01 1.275824e-01 1.131583e+00 -2.738645e+00 5.798026e-01 -2.833642e-01 1.179127e+00 1.933151e+00 2.166940e+00
7.921450e-01 2.168008e-01 1.244300e-01 1.128022e+00 -2.742626e+00 5.762966e-01 -2.937291e-01 1.175888e+00 1.956414e+00 2.178381e+00
8.043323e-01 2.155290e-01 1.213218e-01 1.126250e+00 -2.743587e+00 5.740169e-01 -3.050669e-01 1.174650e+00 1.977152e+00 2.176480e+00
8.102233e-01 2.142902e-01 1.183456e-01 1.124413e+00 -2.742120e+00 5.714059e-01 -3.161997e-01 1.173297e+00 1.988114e+00 2.182445e+00
8.359200e-01 2.143646e-01 1.157837e-01 1.129208e+00 -2.761641e+00 5.731626e-01 -3.268260e-01 1.179509e+00 2.023711e+00 2.190621e+00
8.418199e-01 2.138936e-01 1.133450e-01 1.137235e+00 -2.763201e+00 5.766828e-01 -3.389706e-01 1.188833e+00 2.029473e+00 2.175480e+00
8.016973e-01 2.113564e-01 1.100513e-01 1.135188e+00 -2.751863e+00 5.728953e-01 -3.521030e-01 1.186430e+00 1.974644e+00 2.164057e+00
7.892179e-01 2.099655e-01 1.073200e-01 1.129513e+00 -2.728726e+00 5.686387e-01 -3.637178e-01 1.180338e+00 1.960821e+00 2.179681e+00
8.271210e-01 2.107657e-01 1.050554e-01 1.137647e+00 -2.761590e+00 5.734131e-01 -3.757639e-01 1.190180e+00 2.016142e+00 2.186564e+00
8.293759e-01 2.104676e-01 1.026911e-01 1.148648e+00 -2.776555e+00 5.802342e-01 -3.905286e-01 1.202334e+00 2.017049e+00 2.159932e+00
6.830468e-01 2.042484e-01 9.850987e-02 1.157310e+00 -2.775760e+00 5.765394e-01 -4.093405e-01 1.212251e+00 1.831019e+00 2.147247e+00
7.307140e-01 2.058031e-01 9.657528e-02 1.136384e+00 -2.735699e+00 5.669754e-01 -4.151438e-01 1.189773e+00 1.905705e+00 2.242078e+00
8.124132e-01 2.070475e-01 9.467351e-02 1.143252e+00 -2.725208e+00 5.731828e-01 -4.320128e-01 1.198296e+00 2.014392e+00 2.191442e+00
7.740581e-01 2.034927e-01 9.042245e-02 1.149820e+00 -2.760676e+00 5.727078e-01 -4.525378e-01 1.206432e+00 1.973638e+00 2.141429e+00
8.088358e-01 2.050029e-01 8.896509e-02 1.159193e+00 -2.782384e+00 5.790513e-01 -4.640229e-01 1.217024e+00 2.020238e+00 2.182750e+00
6.836025e-01 2.000398e-01 8.634625e-02 1.169949e+00 -2.760510e+00 5.816318e-01 -4.862076e-01 1.228269e+00 1.859504e+00 2.159356e+00
7.089848e-01 1.991519e-01 8.242091e-02 1.143311e+00 -2.741767e+00 5.647085e-01 -4.943780e-01 1.200304e+00 1.907736e+00 2.253447e+00
8.013057e-01 2.010673e-01 8.098526e-02 1.149953e+00 -2.724334e+00 5.710621e-01 -5.126919e-01 1.208518e+00 2.026376e+00 2.225368e+00
7.718129e-01 1.977635e-01 7.696743e-02 1.157376e+00 -2.756140e+00 5.720984e-01 -5.370892e-01 1.217311e+00 1.994513e+00 2.167509e+00
7.920516e-01 1.981277e-01 7.528234e-02 1.164032e+00 -2.741010e+00 5.751359e-01 -5.506227e-01 1.224998e+00 2.018463e+00 2.201253e+00
7.552060e-01 1.952970e-01 7.243246e-02 1.165099e+00 -2.701756e+00 5.744747e-01 -5.722504e-01 1.225914e+00 1.964947e+00 2.189157e+00
7.578050e-01 1.943135e-01 6.919479e-02 1.170399e+00 -2.745188e+00 5.744446e-01 -5.886470e-01 1.232662e+00 1.980834e+00 2.225702e+00
7.052502e-01 1.898990e-01 6.406855e-02 1.172334e+00 -2.786819e+00 5.687959e-01 -6.120504e-01 1.236282e+00 1.930051e+00 2.220733e+00
7.739689e-01 1.910331e-01 6.207026e-02 1.174567e+00 -2.797359e+00 5.709488e-01 -6.278204e-01 1.239627e+00 2.019772e+00 2.257832e+00
7.360677e-01 1.872964e-01 5.805091e-02 1.181380e+00 -2.827717e+00 5.711962e-01 -6.565819e-01 1.247752e+00 1.978772e+00 2.224109e+00
7.585596e-01 1.906142e-01 6.029217e-02 1.199321e+00 -2.667821e+00 5.913739e-01 -6.727812e-01 1.266232e+00 1.986299e+00 2.268112e+00
6.480523e-01 1.851717e-01 5.599363e-02 1.205514e+00 -2.696962e+00 5.864898e-01 -6.979252e-01 1.273265e+00 1.851917e+00 2.281482e+00
7.070439e-01 1.854486e-01 5.240224e-02 1.205155e+00 -2.747279e+00 5.838547e-01 -7.210100e-01 1.274441e+00 1.956909e+00 2.307521e+00
7.144165e-01 1.823219e-01 4.872732e-02 1.202960e+00 -2.730171e+00 5.813644e-01 -7.633911e-01 1.272273e+00 1.973520e+00 2.252475e+00
6.903281e-01 1.779169e-01 4.400581e-02 1.204301e+00 -2.765096e+00 5.755124e-01 -7.982586e-01 1.274986e+00 1.957473e+00 2.271945e+00
7.146439e-01 1.777851e-01 4.315415e-02 1.204460e+00 -2.689899e+00 5.780085e-01 -8.304744e-01 1.274917e+00 1.982212e+00 2.330786e+00
7.435771e-01 1.763101e-01 4.008872e-02 1.208477e+00 -2.713864e+00 5.776394e-01 -8.814664e-01 1.279960e+00 2.024639e+00 2.355551e+00
7.560142e-01 1.746671e-01 3.762050e-02 1.217051e+00 -2.734641e+00 5.819232e-01 -9.521471e-01 1.289312e+00 2.041045e+00 2.351716e+00
6.893638e-01 1.732646e-01 3.958329e-02 1.220821e+00 -2.650925e+00 5.955754e-01 -1.031933e+00 1.291184e+00 1.940381e+00 2.359709e+00
6.910435e-01 1.683333e-01 3.407145e-02 1.202615e+00 -2.677210e+00 5.744301e-01 -1.101973e+00 1.271660e+00 1.963430e+00 2.426095e+00
6.890146e-01 1.652086e-01 3.046865e-02 1.205278e+00 -2.722479e+00 5.700767e-01 -1.201056e+00 1.275278e+00 1.979865e+00 2.426909e+00
6.777135e-01 1.611738e-01 2.688946e-02 1.207079e+00 -2.754900e+00 5.647255e-01 -1.308790e+00 1.278005e+00 1.981692e+00 2.415315e+00
7.126075e-01 1.601171e-01 2.560922e-02 1.201232e+00 -2.739178e+00 5.610357e-01 -1.396100e+00 1.271658e+00 2.027919e+00 2.440650e+00
7.347866e-01 1.585962e-01 2.433313e-02 1.202936e+00 -2.739785e+00 5.594548e-01 -1.490858e+00 1.273629e+00 2.056849e+00 2.451519e+00
7.334962e-01 1.565496e-01 2.297694e-02 1.207906e+00 -2.758507e+00 5.576760e-01 -1.570779e+00 1.279191e+00 2.059086e+00 2.474125e+00
7.418904e-01 1.558995e-01 2.272744e-02 1.213822e+00 -2.750967e+00 5.582349e-01 -1.643025e+00 1.285541e+00 2.068187e+00 2.495036e+00
7.098614e-01 1.540923e-01 2.286125e-02 1.216088e+00 -2.705137e+00 5.577552e-01 -1.719967e+00 1.287295e+00 2.020723e+00 2.495044e+00
7.047542e-01 1.525221e-01 2.192334e-02 1.219817e+00 -2.743538e+00 5.540795e-01 -1.770259e+00 1.291503e+00 2.025918e+00 2.526458e+00
7.144889e-01 1.517948e-01 2.170597e-02 1.224197e+00 -2.750401e+00 5.527836e-01 -1.831762e+00 1.296373e+00 2.044108e+00 2.528775e+00
6.762324e-01 1.490925e-01 2.111273e-02 1.229714e+00 -2.783662e+00 5.502000e-01 -1.885780e+00 1.302279e+00 2.006866e+00 2.529841e+00
6.940904e-01 1.523021e-01 2.501903e-02 1.239962e+00 -2.666114e+00 5.606688e-01 -1.910629e+00 1.312771e+00 2.018972e+00 2.570004e+00
6.955513e-01 1.523054e-01 2.535217e-02 1.245174e+00 -2.690342e+00 5.601446e-01 -1.949741e+00 1.318308e+00 2.028990e+00 2.582544e+00
6.924308e-01 1.517629e-01 2.586945e-02 1.250892e+00 -2.694732e+00 5.609286e-01 -2.004952e+00 1.324310e+00 2.031044e+00 2.556329e+00
6.940544e-01 1.518991e-01 2.700510e-02 1.257068e+00 -2.701417e+00 5.623922e-01 -2.029194e+00 1.330783e+00 2.039237e+00 2.567293e+00
6.857586e-01 1.517822e-01 2.813280e-02 1.263995e+00 -2.719119e+00 5.643279e-01 -2.048662e+00 1.338000e+00 2.035222e+00 2.587502e+00
6.863960e-01 1.564532e-01 3.437994e-02 1.264121e+00 -2.648347e+00 5.794959e-01 -2.065569e+00 1.336956e+00 2.027319e+00 2.610832e+00
6.248552e-01 1.466055e-01 2.782067e-02 1.218653e+00 -2.698899e+00 5.426255e-01 -2.086252e+00 1.287489e+00 1.974300e+00 2.634839e+00
6.994533e-01 1.508513e-01 3.032035e-02 1.224525e+00 -2.711052e+00 5.460615e-01 -2.072799e+00 1.294013e+00 2.079961e+00 2.684138e+00
7.236561e-01 1.516456e-01 3.175178e-02 1.232843e+00 -2.710806e+00 5.506565e-01 -2.133543e+00 1.302852e+00 2.112316e+00 2.617647e+00
6.758578e-01 1.496810e-01 3.247394e-02 1.238872e+00 -2.733689e+00 5.499507e-01 -2.134291e+00 1.309026e+00 2.055152e+00 2.621229e+00
6.816992e-01 1.504727e-01 3.386428e-02 1.240252e+00 -2.733820e+00 5.482301e-01 -2.113442e+00 1.310364e+00 2.068271e+00 2.665960e+00
7.033005e-01 1.515201e-01 3.542885e-02 1.246066e+00 -2.732167e+00 5.504887e-01 -2.137099e+00 1.316602e+00 2.099437e+00 2.652973e+00
7.143362e-01 1.528823e-01 3.759785e-02 1.254523e+00 -2.728213e+00 5.552632e-01 -2.148444e+00 1.325530e+00 2.112366e+00 2.650115e+00
6.686731e-01 1.532961e-01 4.104403e-02 1.265316e+00 -2.710964e+00 5.629323e-01 -2.151629e+00 1.336335e+00 2.048750e+00 2.657827e+00
6.613262e-01 1.511706e-01 3.996029e-02 1.259956e+00 -2.761035e+00 5.526690e-01 -2.136675e+00 1.330752e+00 2.060922e+00 2.697901e+00
6.781736e-01 1.521001e-01 4.134596e-02 1.262855e+00 -2.749668e+00 5.530672e-01 -2.152915e+00 1.333883e+00 2.088754e+00 2.685363e+00
6.977930e-01 1.532120e-01 4.312112e-02 1.268274e+00 -2.740112e+00 5.554649e-01 -2.167308e+00 1.339750e+00 2.116902e+00 2.669174e+00
7.113238e-01 1.550220e-01 4.554692e-02 1.276733e+00 -2.740380e+00 5.607499e-01 -2.164719e+00 1.348709e+00 2.133084e+00 2.676835e+00
6.778232e-01 1.546449e-01 4.725439e-02 1.283996e+00 -2.726413e+00 5.636806e-01 -2.164743e+00 1.356339e+00 2.083441e+00 2.683956e+00
6.676762e-01 1.554408e-01 4.901543e-02 1.290046e+00 -2.729222e+00 5.661136e-01 -2.153289e+00 1.362731e+00 2.075625e+00 2.709793e+00
6.466441e-01 1.547141e-01 5.002077e-02 1.294823e+00 -2.732995e+00 5.668377e-01 -2.166532e+00 1.367788e+00 2.059442e+00 2.700940e+00
6.563922e-01 1.561132e-01 5.192220e-02 1.300445e+00 -2.735651e+00 5.697589e-01 -2.160920e+00 1.373791e+00 2.086722e+00 2.715652e+00
6.348660e-01 1.551774e-01 5.294506e-02 1.304222e+00 -2.729265e+00 5.699878e-01 -2.169828e+00 1.377754e+00 2.069545e+00 2.712235e+00
6.525251e-01 1.572532e-01 5.518910e-02 1.310225e+00 -2.730361e+00 5.737143e-01 -2.155265e+00 1.384199e+00 2.106679e+00 2.741900e+00
5.583244e-01 1.474872e-01 4.970465e-02 1.281377e+00 -2.778109e+00 5.491185e-01 -2.171627e+00 1.352618e+00 2.008035e+00 2.728652e+00
6.575675e-01 1.561649e-01 5.540782e-02 1.293154e+00 -2.735199e+00 5.623678e-01 -2.127301e+00 1.365300e+00 2.150963e+00 2.793641e+00
6.159142e-01 1.522197e-01 5.464458e-02 1.293793e+00 -2.738654e+00 5.596601e-01 -2.200106e+00 1.365873e+00 2.106349e+00 2.701479e+00
6.116442e-01 1.533476e-01 5.673382e-02 1.298365e+00 -2.755139e+00 5.604069e-01 -2.146527e+00 1.370706e+00 2.115099e+00 2.766705e+00
6.461572e-01 1.551802e-01 5.846354e-02 1.303179e+00 -2.769469e+00 5.628798e-01 -2.157019e+00 1.375964e+00 2.170731e+00 2.755938e+00
6.067970e-01 1.528618e-01 5.854196e-02 1.303489e+00 -2.766161e+00 5.604054e-01 -2.174900e+00 1.376217e+00 2.123176e+00 2.722594e+00
6.043212e-01 1.542040e-01 6.072933e-02 1.309110e+00 -2.771135e+00 5.626835e-01 -2.144370e+00 1.382223e+00 2.130070e+00 2.751822e+00
6.402641e-01 1.562324e-01 6.260190e-02 1.313865e+00 -2.781161e+00 5.655528e-01 -2.152666e+00 1.387409e+00 2.185986e+00 2.735750e+00
5.687745e-01 1.506832e-01 6.016398e-02 1.301053e+00 -2.789367e+00 5.535988e-01 -2.165244e+00 1.373435e+00 2.099795e+00 2.707498e+00
6.121080e-01 1.552479e-01 6.392765e-02 1.308066e+00 -2.770020e+00 5.597776e-01 -2.119352e+00 1.380936e+00 2.163219e+00 2.762637e+00
6.046881e-01 1.550429e-01 6.527058e-02 1.314288e+00 -2.770406e+00 5.625677e-01 -2.160652e+00 1.387663e+00 2.161507e+00 2.709505e+00
6.291838e-01 1.568115e-01 6.719151e-02 1.318209e+00 -2.784190e+00 5.641689e-01 -2.141604e+00 1.391981e+00 2.199980e+00 2.731953e+00
5.902823e-01 1.552395e-01 6.770525e-02 1.319081e+00 -2.766627e+00 5.628176e-01 -2.154007e+00 1.392904e+00 2.146665e+00 2.714386e+00
6.074214e-01 1.576484e-01 7.017344e-02 1.324211e+00 -2.758908e+00 5.662601e-01 -2.132617e+00 1.398420e+00 2.173282e+00 2.742477e+00
5.524244e-01 1.526820e-01 6.769119e-02 1.312610e+00 -2.786354e+00 5.549530e-01 -2.155428e+00 1.385814e+00 2.116021e+00 2.712757e+00
6.015125e-01 1.572219e-01 7.144775e-02 1.319597e+00 -2.763603e+00 5.614880e-01 -2.125864e+00 1.393304e+00 2.186548e+00 2.751289e+00
6.223374e-01 1.588283e-01 7.356839e-02 1.326218e+00 -2.746064e+00 5.666600e-01 -2.163031e+00 1.400411e+00 2.214439e+00 2.705650e+00
5.392716e-01 1.526524e-01 7.059994e-02 1.310888e+00 -2.767839e+00 5.522368e-01 -2.154239e+00 1.383651e+00 2.113032e+00 2.715893e+00
6.034465e-01 1.587486e-01 7.523042e-02 1.319489e+00 -2.737170e+00 5.610135e-01 -2.112488e+00 1.392811e+00 2.200249e+00 2.779226e+00
5.859116e-01 1.574398e-01 7.576876e-02 1.323868e+00 -2.735146e+00 5.624534e-01 -2.174302e+00 1.397601e+00 2.182445e+00 2.702944e+00
5.984660e-01 1.596203e-01 7.824525e-02 1.329109e+00 -2.729966e+00 5.657912e-01 -2.144428e+00 1.403227e+00 2.201479e+00 2.737316e+00
5.181504e-01 1.528960e-01 7.453049e-02 1.311358e+00 -2.759028e+00 5.497477e-01 -2.153759e+00 1.383849e+00 2.108074e+00 2.726273e+00
6.015248e-01 1.601258e-01 7.983891e-02 1.321390e+00 -2.718731e+00 5.607157e-01 -2.116875e+00 1.394451e+00 2.221175e+00 2.777633e+00
5.346784e-01 1.542350e-01 7.715260e-02 1.312799e+00 -2.735614e+00 5.513420e-01 -2.180786e+00 1.385117e+00 2.144313e+00 2.693792e+00
5.747720e-01 1.585050e-01 8.075446e-02 1.318788e+00 -2.726984e+00 5.562020e-01 -2.120308e+00 1.391576e+00 2.204696e+00 2.770012e+00
5.939385e-01 1.599075e-01 8.266730e-02 1.325095e+00 -2.714764e+00 5.608336e-01 -2.159752e+00 1.398369e+00 2.231435e+00 2.723750e+00
5.368734e-01 1.568585e-01 8.214387e-02 1.322538e+00 -2.720643e+00 5.558592e-01 -2.156584e+00 1.395605e+00 2.158850e+00 2.723336e+00
5.634194e-01 1.598127e-01 8.480256e-02 1.327407e+00 -2.717848e+00 5.591893e-01 -2.123890e+00 1.400895e+00 2.201572e+00 2.768634e+00
5.544317e-01 1.594088e-01 8.571581e-02 1.331472e+00 -2.718028e+00 5.605997e-01 -2.159473e+00 1.405373e+00 2.196573e+00 2.722761e+00
5.583941e-01 1.606890e-01 8.764172e-02 1.335950e+00 -2.716697e+00 5.629175e-01 -2.145010e+00 1.410234e+00 2.207314e+00 2.736237e+00
4.927284e-01 1.553118e-01 8.472480e-02 1.321712e+00 -2.743853e+00 5.496889e-01 -2.146742e+00 1.394685e+00 2.134806e+00 2.733400e+00
5.742051e-01 1.621661e-01 8.984132e-02 1.331396e+00 -2.703978e+00 5.602312e-01 -2.117484e+00 1.404912e+00 2.245986e+00 2.775630e+00
4.474213e-01 1.477387e-01 7.926376e-02 1.277955e+00 -2.768593e+00 5.223529e-01 -2.176282e+00 1.346222e+00 2.101977e+00 2.700065e+00
6.005290e-01 1.607706e-01 8.860687e-02 1.293545e+00 -2.677136e+00 5.420432e-01 -2.092950e+00 1.362197e+00 2.294661e+00 2.810130e+00
5.374349e-01 1.565746e-01 8.790873e-02 1.297722e+00 -2.667714e+00 5.426832e-01 -2.200824e+00 1.366731e+00 2.208572e+00 2.673956e+00
5.267902e-01 1.577374e-01 8.968703e-02 1.299967e+00 -2.691318e+00 5.414952e-01 -2.120030e+00 1.369263e+00 2.203827e+00 2.775742e+00
5.238076e-01 1.575272e-01 9.029717e-02 1.302423e+00 -2.707153e+00 5.410993e-01 -2.142272e+00 1.372103e+00 2.210814e+00 2.754965e+00
5.157979e-01 1.571604e-01 9.094557e-02 1.304523e+00 -2.724190e+00 5.403154e-01 -2.151649e+00 1.374572e+00 2.212359e+00 2.737299e+00
5.282039e-01 1.580360e-01 9.223592e-02 1.307142e+00 -2.738630e+00 5.406422e-01 -2.145748e+00 1.377600e+00 2.239262e+00 2.737133e+00
5.178667e-01 1.588892e-01 9.440585e-02 1.314238e+00 -2.736057e+00 5.444008e-01 -2.149654e+00 1.385368e+00 2.229002e+00 2.725676e+00
5.417267e-01 1.601818e-01 9.577606e-02 1.316026e+00 -2.745089e+00 5.441905e-01 -2.138418e+00 1.387625e+00 2.267667e+00 2.739724e+00
4.940754e-01 1.573461e-01 9.483730e-02 1.312202e+00 -2.755682e+00 5.391468e-01 -2.154062e+00 1.383528e+00 2.206680e+00 2.717432e+00
4.971233e-01 1.593384e-01 9.733934e-02 1.317643e+00 -2.752081e+00 5.422043e-01 -2.128307e+00 1.389555e+00 2.215716e+00 2.751991e+00
5.398805e-01 1.613651e-01 9.915423e-02 1.321264e+00 -2.751029e+00 5.444476e-01 -2.148550e+00 1.393764e+00 2.279661e+00 2.731357e+00
4.934498e-01 1.588364e-01 9.861534e-02 1.318941e+00 -2.749141e+00 5.407180e-01 -2.166890e+00 1.391280e+00 2.217621e+00 2.704607e+00
4.936706e-01 1.611981e-01 1.016336e-01 1.325817e+00 -2.743290e+00 5.449317e-01 -2.131718e+00 1.398882e+00 2.221349e+00 2.754596e+00
5.240437e-01 1.620474e-01 1.024262e-01 1.326410e+00 -2.748887e+00 5.438661e-01 -2.151590e+00 1.399944e+00 2.272297e+00 2.740308e+00
5.344170e-01 1.635962e-01 1.045933e-01 1.331816e+00 -2.728837e+00 5.479592e-01 -2.169155e+00 1.405864e+00 2.280295e+00 2.717389e+00
4.986480e-01 1.628177e-01 1.054927e-01 1.333883e+00 -2.715278e+00 5.477303e-01 -2.163302e+00 1.408219e+00 2.225968e+00 2.724519e+00
5.116949e-01 1.648295e-01 1.076188e-01 1.337690e+00 -2.710217e+00 5.500611e-01 -2.143556e+00 1.412463e+00 2.245856e+00 2.757623e+00
4.827952e-01 1.632962e-01 1.076889e-01 1.338235e+00 -2.710430e+00 5.484561e-01 -2.168025e+00 1.413167e+00 2.211563e+00 2.731642e+00
5.109976e-01 1.660258e-01 1.102231e-01 1.342599e+00 -2.701625e+00 5.518937e-01 -2.150660e+00 1.418014e+00 2.256649e+00 2.758266e+00
4.602074e-01 1.623708e-01 1.087608e-01 1.337358e+00 -2.710656e+00 5.454576e-01 -2.173545e+00 1.412160e+00 2.195922e+00 2.733143e+00
5.104967e-01 1.669614e-01 1.124312e-01 1.343262e+00 -2.691882e+00 5.513077e-01 -2.139631e+00 1.418657e+00 2.271279e+00 2.783896e+00
4.596015e-01 1.631259e-01 1.109866e-01 1.339532e+00 -2.699112e+00 5.459609e-01 -2.182730e+00 1.414502e+00 2.209253e+00 2.733923e+00
5.021797e-01 1.672472e-01 1.143473e-01 1.344698e+00 -2.687182e+00 5.506978e-01 -2.141475e+00 1.420221e+00 2.275086e+00 2.790683e+00
4.670070e-01 1.650100e-01 1.141040e-01 1.345246e+00 -2.686254e+00 5.489721e-01 -2.180839e+00 1.420908e+00 2.231710e+00 2.743230e+00
4.966076e-01 1.680621e-01 1.168051e-01 1.349586e+00 -2.680832e+00 5.523923e-01 -2.148875e+00 1.425739e+00 2.279477e+00 2.784093e+00
4.381661e-01 1.636379e-01 1.147964e-01 1.342856e+00 -2.695747e+00 5.445893e-01 -2.175635e+00 1.418153e+00 2.207649e+00 2.749336e+00
4.972556e-01 1.690201e-01 1.189150e-01 1.349407e+00 -2.672938e+00 5.515430e-01 -2.137147e+00 1.425342e+00 2.295121e+00 2.798631e+00
4.366034e-01 1.642923e-01 1.168668e-01 1.343923e+00 -2.685276e+00 5.447708e-01 -2.185588e+00 1.419159e+00 2.218989e+00 2.734551e+00
4.895097e-01 1.695084e-01 1.209277e-01 1.350078e+00 -2.666704e+00 5.510572e-01 -2.133266e+00 1.425922e+00 2.298339e+00 2.800118e+00
4.356942e-01 1.656268e-01 1.195575e-01 1.347251e+00 -2.674326e+00 5.463775e-01 -2.180364e+00 1.422754e+00 2.229383e+00 2.740605e+00
4.796667e-01 1.700453e-01 1.230834e-01 1.352607e+00 -2.662225e+00 5.514539e-01 -2.135571e+00 1.428670e+00 2.298007e+00 2.797705e+00
4.278281e-01 1.664129e-01 1.218633e-01 1.349960e+00 -2.670005e+00 5.469770e-01 -2.177580e+00 1.425695e+00 2.231689e+00 2.744336e+00
4.706008e-01 1.707035e-01 1.252988e-01 1.355139e+00 -2.657959e+00 5.518933e-01 -2.136401e+00 1.431424e+00 2.299796e+00 2.796675e+00
4.269924e-01 1.679857e-01 1.248011e-01 1.355013e+00 -2.659728e+00 5.496339e-01 -2.176975e+00 1.431296e+00 2.243073e+00 2.744821e+00
4.544500e-01 1.710683e-01 1.274950e-01 1.358753e+00 -2.656172e+00 5.525605e-01 -2.138952e+00 1.435476e+00 2.292238e+00 2.793337e+00
4.100961e-01 1.679980e-01 1.265594e-01 1.356157e+00 -2.665137e+00 5.482709e-01 -2.170226e+00 1.432531e+00 2.238708e+00 2.754818e+00
4.462507e-01 1.715662e-01 1.295038e-01 1.360289e+00 -2.656554e+00 5.520134e-01 -2.138909e+00 1.437148e+00 2.301226e+00 2.795970e+00
4.073811e-01 1.689334e-01 1.289232e-01 1.359112e+00 -2.661817e+00 5.489817e-01 -2.174242e+00 1.435819e+00 2.254691e+00 2.751373e+00
4.398274e-01 1.722717e-01 1.317479e-01 1.362982e+00 -2.655232e+00 5.523376e-01 -2.141213e+00 1.440151e+00 2.311116e+00 2.793988e+00
4.040823e-01 1.702069e-01 1.316287e-01 1.363314e+00 -2.655931e+00 5.506601e-01 -2.172930e+00 1.440536e+00 2.265453e+00 2.754320e+00
4.255021e-01 1.726748e-01 1.339113e-01 1.366115e+00 -2.654942e+00 5.525922e-01 -2.143078e+00 1.443698e+00 2.307198e+00 2.792875e+00
3.921481e-01 1.706343e-01 1.336837e-01 1.365515e+00 -2.658919e+00 5.501643e-01 -2.169399e+00 1.443020e+00 2.267395e+00 2.759743e+00
4.194822e-01 1.734135e-01 1.361212e-01 1.368602e+00 -2.654800e+00 5.526673e-01 -2.144836e+00 1.446503e+00 2.317914e+00 2.790880e+00
3.895295e-01 1.718010e-01 1.362578e-01 1.369284e+00 -2.654221e+00 5.514622e-01 -2.172023e+00 1.447289e+00 2.280551e+00 2.755298e+00
4.083896e-01 1.740097e-01 1.383739e-01 1.371654e+00 -2.653809e+00 5.529987e-01 -2.145560e+00 1.449978e+00 2.318842e+00 2.788886e+00
3.815368e-01 1.726695e-01 1.386442e-01 1.372409e+00 -2.653186e+00 5.519226e-01 -2.168326e+00 1.450851e+00 2.285837e+00 2.760453e+00
3.994603e-01 1.746976e-01 1.406231e-01 1.374551e+00 -2.652957e+00 5.532632e-01 -2.147783e+00 1.453289e+00 2.323189e+00 2.787235e+00
3.761944e-01 1.736720e-01 1.410951e-01 1.375746e+00 -2.650423e+00 5.527018e-01 -2.169251e+00 1.454669e+00 2.294663e+00 2.759973e+00
3.897092e-01 1.753650e-01 1.428835e-01 1.377484e+00 -2.651421e+00 5.535574e-01 -2.150117e+00 1.456657e+00 2.325665e+00 2.784801e+00
3.702521e-01 1.746510e-01 1.435233e-01 1.378843e+00 -2.648010e+00 5.532731e-01 -2.168087e+00 1.458228e+00 2.302416e+00 2.762510e+00
3.804773e-01 1.760625e-01 1.451471e-01 1.380307e+00 -2.649206e+00 5.538230e-01 -2.152833e+00 1.459908e+00 2.328442e+00 2.782799e+00
3.650815e-01 1.756452e-01 1.459315e-01 1.381712e+00 -2.644944e+00 5.537596e-01 -2.167890e+00 1.461533e+00 2.310962e+00 2.764408e+00
3.714234e-01 1.767750e-01 1.474109e-01 1.382968e+00 -2.645604e+00 5.540716e-01 -2.155995e+00 1.462979e+00 2.330585e+00 2.780474e+00
3.607017e-01 1.766750e-01 1.483308e-01 1.384270e+00 -2.640886e+00 5.541434e-01 -2.167378e+00 1.464484e+00 2.320079e+00 2.767014e+00
3.632089e-01 1.775603e-01 1.497049e-01 1.385468e+00 -2.639726e+00 5.544034e-01 -2.159631e+00 1.465861e+00 2.332559e+00 2.777800e+00
3.575417e-01 1.778280e-01 1.507937e-01 1.386739e+00 -2.634418e+00 5.546980e-01 -2.166851e+00 1.467325e+00 2.329527e+00 2.769842e+00
3.569484e-01 1.785564e-01 1.521241e-01 1.388051e+00 -2.630356e+00 5.551372e-01 -2.163531e+00 1.468830e+00 2.335099e+00 2.774952e+00
3.548264e-01 1.791646e-01 1.534044e-01 1.389514e+00 -2.623869e+00 5.557984e-01 -2.166605e+00 1.470507e+00 2.336640e+00 2.772359e+00
3.534617e-01 1.799211e-01 1.547884e-01 1.391124e+00 -2.616612e+00 5.566597e-01 -2.166580e+00 1.472349e+00 2.338609e+00 2.773417e+00
3.526068e-01 1.807713e-01 1.562426e-01 1.392974e+00 -2.607678e+00 5.578326e-01 -2.167443e+00 1.474466e+00 2.340159e+00 2.773570e+00
3.525413e-01 1.817717e-01 1.578085e-01 1.395165e+00 -2.596694e+00 5.594206e-01 -2.168206e+00 1.476972e+00 2.341465e+00 2.773862e+00
3.535844e-01 1.829757e-01 1.595229e-01 1.397837e+00 -2.582913e+00 5.615789e-01 -2.168931e+00 1.480027e+00 2.342517e+00 2.774264e+00
3.554752e-01 1.843944e-01 1.613951e-01 1.401065e+00 -2.565751e+00 5.643939e-01 -2.169607e+00 1.483717e+00 2.342367e+00 2.774842e+00
3.557261e-01 1.858331e-01 1.633123e-01 1.404617e+00 -2.546397e+00 5.675542e-01 -2.169912e+00 1.487780e+00 2.337425e+00 2.776111e+00
3.512056e-01 1.869575e-01 1.650722e-01 1.407951e+00 -2.528889e+00 5.703178e-01 -2.168765e+00 1.491603e+00 2.325185e+00 2.779724e+00
3.435056e-01 1.876996e-01 1.665915e-01 1.410689e+00 -2.517533e+00 5.722066e-01 -2.166095e+00 1.494755e+00 2.311988e+00 2.786006e+00
3.356775e-01 1.881498e-01 1.678870e-01 1.412793e+00 -2.513176e+00 5.732497e-01 -2.164636e+00 1.497186e+00 2.304564e+00 2.790912e+00
3.291706e-01 1.884420e-01 1.690418e-01 1.414427e+00 -2.514070e+00 5.737207e-01 -2.164820e+00 1.499077e+00 2.304259e+00 2.792947e+00
3.240151e-01 1.886832e-01 1.701387e-01 1.415786e+00 -2.518075e+00 5.738864e-01 -2.165391e+00 1.500651e+00 2.308882e+00 2.793438e+00
3.197839e-01 1.889272e-01 1.712225e-01 1.417012e+00 -2.523567e+00 5.739265e-01 -2.165791e+00 1.502070e+00 2.315766e+00 2.793309e+00
3.161238e-01 1.891955e-01 1.723115e-01 1.418191e+00 -2.529520e+00 5.739455e-01 -2.166131e+00 1.503435e+00 2.323147e+00 2.792534e+00
3.128208e-01 1.894978e-01 1.734147e-01 1.419364e+00 -2.535352e+00 5.739973e-01 -2.166501e+00 1.504796e+00 2.330121e+00 2.790925e+00
3.097322e-01 1.898383e-01 1.745378e-01 1.420551e+00 -2.540774e+00 5.741045e-01 -2.166800e+00 1.506174e+00 2.336272e+00 2.788584e+00
3.067523e-01 1.902166e-01 1.756831e-01 1.421755e+00 -2.545677e+00 5.742704e-01 -2.166927e+00 1.507573e+00 2.341433e+00 2.785818e+00
3.038114e-01 1.906283e-01 1.768490e-01 1.422972e+00 -2.550059e+00 5.744886e-01 -2.166913e+00 1.508989e+00 2.345587e+00 2.782925e+00
3.008740e-01 1.910673e-01 1.780319e-01 1.424195e+00 -2.553977e+00 5.747479e-01 -2.166903e+00 1.510412e+00 2.348817e+00 2.780096e+00
2.979305e-01 1.915272e-01 1.792273e-01 1.425417e+00 -2.557512e+00 5.750366e-01 -2.167064e+00 1.511833e+00 2.351259e+00 2.777426e+00
2.949851e-01 1.920029e-01 1.804318e-01 1.426628e+00 -2.560751e+00 5.753440e-01 -2.167513e+00 1.513242e+00 2.353065e+00 2.774960e+00
2.920479e-01 1.924905e-01 1.816425e-01 1.427824e+00 -2.563769e+00 5.756611e-01 -2.168297e+00 1.514631e+00 2.354378e+00 2.772728e+00
2.891299e-01 1.929869e-01 1.828575e-01 1.428998e+00 -2.566632e+00 5.759810e-01 -2.169407e+00 1.515996e+00 2.355317e+00 2.770751e+00
2.862417e-01 1.934902e-01 1.840754e-01 1.430149e+00 -2.569385e+00 5.762992e-01 -2.170801e+00 1.517332e+00 2.355975e+00 2.769042e+00
2.833930e-01 1.939990e-01 1.852949e-01 1.431274e+00 -2.572063e+00 5.766126e-01 -2.172425e+00 1.518638e+00 2.356426e+00 2.767598e+00
2.805922e-01 1.945120e-01 1.865153e-01 1.432373e+00 -2.574686e+00 5.769195e-01 -2.174223e+00 1.519912e+00 2.356721e+00 2.766408e+00
2.778462e-01 1.950285e-01 1.877356e-01 1.433446e+00 -2.577267e+00 5.772192e-01 -2.176146e+00 1.521155e+00 2.356902e+00 2.765449e+00
2.751605e-01 1.955478e-01 1.889555e-01 1.434492e+00 -2.579811e+00 5.775116e-01 -2.178153e+00 1.522367e+00 2.356995e+00 2.764694e+00
2.725394e-01 1.960695e-01 1.901743e-01 1.435514e+00 -2.582322e+00 5.777970e-01 -2.180211e+00 1.523550e+00 2.357021e+00 2.764114e+00
2.699858e-01 1.965934e-01 1.913918e-01 1.436512e+00 -2.584800e+00 5.780756e-01 -2.182298e+00 1.524703e+00 2.356995e+00 2.763680e+00
2.675017e-01 1.971192e-01 1.926078e-01 1.437487e+00 -2.587243e+00 5.783480e-01 -2.184400e+00 1.525829e+00 2.356929e+00 2.763364e+00
2.650883e-01 1.976468e-01 1.938223e-01 1.438439e+00 -2.589653e+00 5.786146e-01 -2.186508e+00 1.526928e+00 2.356831e+00 2.763144e+00
2.627461e-01 1.981763e-01 1.950354e-01 1.439370e+00 -2.592028e+00 5.788758e-01 -2.188618e+00 1.528002e+00 2.356710e+00 2.762997e+00
2.604749e-01 1.987077e-01 1.962473e-01 1.440280e+00 -2.594368e+00 5.791321e-01 -2.190731e+00 1.529051e+00 2.356570e+00 2.762906e+00
2.582742e-01 1.992412e-01 1.974583e-01 1.441171e+00 -2.596673e+00 5.793837e-01 -2.192846e+00 1.530076e+00 2.356418e+00 2.762857e+00
2.561429e-01 1.997771e-01 1.986687e-01 1.442042e+00 -2.598943e+00 5.796310e-01 -2.194967e+00 1.531078e+00 2.356257e+00 2.762837e+00
2.540797e-01 2.003157e-01 1.998792e-01 1.442895e+00 -2.601180e+00 5.798742e-01 -2.197096e+00 1.532057e+00 2.356090e+00 2.762838e+00
2.520829e-01 2.008572e-01 2.010900e-01 1.443730e+00 -2.603383e+00 5.801135e-01 -2.199235e+00 1.533016e+00 2.355921e+00 2.762851e+00
2.501506e-01 2.014021e-01 2.023019e-01 1.444548e+00 -2.605554e+00 5.803492e-01 -2.201386e+00 1.533953e+00 2.355751e+00 2.762872e+00
2.482808e-01 2.019506e-01 2.035154e-01 1.445349e+00 -2.607693e+00 5.805815e-01 -2.203551e+00 1.534870e+00 2.355582e+00 2.762897e+00
2.464713e-01 2.025033e-01 2.047311e-01 1.446135e+00 -2.609802e+00 5.808105e-01 -2.205730e+00 1.535768e+00 2.355414e+00 2.762921e+00
2.447198e-01 2.030605e-01 2.059496e-01 1.446905e+00 -2.611880e+00 5.810365e-01 -2.207923e+00 1.536647e+00 2.355248e+00 2.762944e+00
2.430240e-01 2.036227e-01 2.071715e-01 1.447660e+00 -2.613930e+00 5.812596e-01 -2.210130e+00 1.537507e+00 2.355085e+00 2.762963e+00
2.413817e-01 2.041901e-01 2.083974e-01 1.448401e+00 -2.615951e+00 5.814800e-01 -2.212352e+00 1.538350e+00 2.354925e+00 2.762977e+00
2.397907e-01 2.047632e-01 2.096280e-01 1.449127e+00 -2.617946e+00 5.816978e-01 -2.214587e+00 1.539175e+00 2.354767e+00 2.762986e+00
2.382487e-01 2.053423e-01 2.108637e-01 1.449841e+00 -2.619914e+00 5.819132e-01 -2.216835e+00 1.539984e+00 2.354612e+00 2.762991e+00
2.367536e-01 2.059279e-01 2.121052e-01 1.450542e+00 -2.621856e+00 5.821263e-01 -2.219095e+00 1.540777e+00 2.354460e+00 2.762990e+00
2.353034e-01 2.065203e-01 2.133531e-01 1.451230e+00 -2.623774e+00 5.823373e-01 -2.221366e+00 1.541554e+00 2.354310e+00 2.762984e+00
2.338960e-01 2.071197e-01 2.146077e-01 1.451906e+00 -2.625668e+00 5.825463e-01 -2.223647e+00 1.542317e+00 2.354163e+00 2.762974e+00
2.325295e-01 2.077266e-01 2.158698e-01 1.452571e+00 -2.627539e+00 5.827534e-01 -2.225937e+00 1.543064e+00 2.354018e+00 2.762959e+00
2.312022e-01 2.083413e-01 2.171398e-01 1.453224e+00 -2.629387e+00 5.829587e-01 -2.228234e+00 1.543798e+00 2.353875e+00 2.762941e+00
2.299123e-01 2.089641e-01 2.184181e-01 1.453867e+00 -2.631214e+00 5.831625e-01 -2.230539e+00 1.544518e+00 2.353734e+00 2.762921e+00
2.286582e-01 2.095952e-01 2.197054e-01 1.454500e+00 -2.633020e+00 5.833647e-01 -2.232849e+00 1.545225e+00 2.353595e+00 2.762898e+00
2.274382e-01 2.102350e-01 2.210020e-01 1.455123e+00 -2.634806e+00 5.835656e-01 -2.235164e+00 1.545919e+00 2.353459e+00 2.762873e+00
2.262508e-01 2.108837e-01 2.223083e-01 1.455736e+00 -2.636572e+00 5.837651e-01 -2.237482e+00 1.546600e+00 2.353325e+00 2.762848e+00
2.250947e-01 2.115417e-01 2.236250e-01 1.456340e+00 -2.638320e+00 5.839635e-01 -2.239802e+00 1.547270e+00 2.353194e+00 2.762822e+00
2.239684e-01 2.122091e-01 2.249523e-01 1.456936e+00 -2.640048e+00 5.841609e-01 -2.242123e+00 1.547928e+00 2.353065e+00 2.762796e+00
2.228708e-01 2.128862e-01 2.262908e-01 1.457522e+00 -2.641759e+00 5.843573e-01 -2.244443e+00 1.548576e+00 2.352939e+00 2.762771e+00
2.218005e-01 2.135733e-01 2.276407e-01 1.458101e+00 -2.643453e+00 5.845529e-01 -2.246763e+00 1.549212e+00 2.352815e+00 2.762747e+00
2.207564e-01 2.142707e-01 2.290027e-01 1.458672e+00 -2.645129e+00 5.847477e-01 -2.249080e+00 1.549838e+00 2.352694e+00 2.762725e+00
2.197373e-01 2.149784e-01 2.303769e-01 1.459235e+00 -2.646789e+00 5.849418e-01 -2.251393e+00 1.550454e+00 2.352576e+00 2.762705e+00
2.187423e-01 2.156969e-01 2.317639e-01 1.459791e+00 -2.648433e+00 5.851354e-01 -2.253702e+00 1.551060e+00 2.352461e+00 2.762687e+00
2.177704e-01 2.164262e-01 2.331641e-01 1.460340e+00 -2.650062e+00 5.853286e-01 -2.256005e+00 1.551657e+00 2.352349e+00 2.762673e+00
2.168205e-01 2.171667e-01 2.345777e-01 1.460883e+00 -2.651675e+00 5.855213e-01 -2.258302e+00 1.552245e+00 2.352241e+00 2.762661e+00
2.158918e-01 2.179185e-01 2.360052e-01 1.461419e+00 -2.653274e+00 5.857138e-01 -2.260592e+00 1.552824e+00 2.352136e+00 2.762652e+00
2.149834e-01 2.186819e-01 2.374470e-01 1.461949e+00 -2.654858e+00 5.859060e-01 -2.262873e+00 1.553394e+00 2.352035e+00 2.762647e+00
2.140946e-01 2.194571e-01 2.389035e-01 1.462473e+00 -2.656428e+00 5.860981e-01 -2.265145e+00 1.553957e+00 2.351937e+00 2.762646e+00
2.132245e-01 2.202442e-01 2.403749e-01 1.462992e+00 -2.657984e+00 5.862902e-01 -2.267406e+00 1.554511e+00 2.351843e+00 2.762649e+00
2.123724e-01 2.210435e-01 2.418618e-01 1.463505e+00 -2.659527e+00 5.864822e-01 -2.269657e+00 1.555058e+00 2.351754e+00 2.762656e+00
2.115375e-01 2.218552e-01 2.433643e-01 1.464013e+00 -2.661057e+00 5.866744e-01 -2.271897e+00 1.555598e+00 2.351668e+00 2.762667e+00
2.107193e-01 2.226794e-01 2.448830e-01 1.464516e+00 -2.662573e+00 5.868667e-01 -2.274124e+00 1.556130e+00 2.351587e+00 2.762682e+00
2.099171e-01 2.235165e-01 2.464182e-01 1.465015e+00 -2.664077e+00 5.870592e-01 -2.276339e+00 1.556656e+00 2.351510e+00 2.762702e+00
2.091303e-01 2.243666e-01 2.479702e-01 1.465508e+00 -2.665569e+00 5.872520e-01 -2.278539e+00 1.557175e+00 2.351437e+00 2.762726e+00
2.083582e-01 2.252298e-01 2.495395e-01 1.465998e+00 -2.667049e+00 5.874451e-01 -2.280726e+00 1.557688e+00 2.351369e+00 2.762754e+00
2.076004e-01 2.261065e-01 2.511264e-01 1.466483e+00 -2.668516e+00 5.876387e-01 -2.282898e+00 1.558194e+00 2.351305e+00 2.762787e+00
2.068564e-01 2.269968e-01 2.527312e-01 1.466965e+00 -2.669973e+00 5.878327e-01 -2.285054e+00 1.558695e+00 2.351246e+00 2.762824e+00
2.061256e-01 2.279008e-01 2.543544e-01 1.467442e+00 -2.671417e+00 5.880272e-01 -2.287195e+00 1.559189e+00 2.351191e+00 2.762865e+00
2.054076e-01 2.288189e-01 2.559963e-01 1.467916e+00 -2.672851e+00 5.882222e-01 -2.289320e+00 1.559678e+00 2.351142e+00 2.762911e+00
2.047019e-01 2.297513e-01 2.576573e-01 1.468387e+00 -2.674273e+00 5.884179e-01 -2.291428e+00 1.560162e+00 2.351097e+00 2.762961e+00
2.040081e-01 2.306980e-01 2.593379e-01 1.468854e+00 -2.675685e+00 5.886142e-01 -2.293519e+00 1.560640e+00 2.351057e+00 2.763015e+00
2.033257e-01 2.316595e-01 2.610384e-01 1.469318e+00 -2.677086e+00 5.888112e-01 -2.295593e+00 1.561114e+00 2.351021e+00 2.763073e+00
2.026545e-01 2.326358e-01 2.627593e-01 1.469779e+00 -2.678477e+00 5.890090e-01 -2.297649e+00 1.561582e+00 2.350991e+00 2.763136e+00
2.019940e-01 2.336272e-01 2.645009e-01 1.470237e+00 -2.679857e+00 5.892076e-01 -2.299687e+00 1.562046e+00 2.350965e+00 2.763202e+00
2.013439e-01 2.346339e-01 2.662637e-01 1.470693e+00 -2.681228e+00 5.894069e-01 -2.301706e+00 1.562505e+00 2.350945e+00 2.763272e+00
2.007038e-01 2.356561e-01 2.680481e-01 1.471145e+00 -2.682589e+00 5.896072e-01 -2.303708e+00 1.562960e+00 2.350929e+00 2.763346e+00
2.000735e-01 2.366942e-01 2.698546e-01 1.471596e+00 -2.683940e+00 5.898083e-01 -2.305690e+00 1.563411e+00 2.350918e+00 2.763423e+00
1.994527e-01 2.377483e-01 2.716836e-01 1.472044e+00 -2.685281e+00 5.900103e-01 -2.307654e+00 1.563857e+00 2.350912e+00 2.763504e+00
1.988410e-01 2.388187e-01 2.735356e-01 1.472490e+00 -2.686614e+00 5.902134e-01 -2.309599e+00 1.564299e+00 2.350911e+00 2.763589e+00
1.982382e-01 2.399056e-01 2.754111e-01 1.472934e+00 -2.687937e+00 5.904174e-01 -2.311524e+00 1.564738e+00 2.350914e+00 2.763676e+00
1.976441e-01 2.410093e-01 2.773106e-01 1.473375e+00 -2.689251e+00 5.906224e-01 -2.313431e+00 1.565172e+00 2.350923e+00 2.763767e+00
1.970584e-01 2.421301e-01 2.792347e-01 1.473815e+00 -2.690556e+00 5.908285e-01 -2.315318e+00 1.565603e+00 2.350936e+00 2.763861e+00
1.964809e-01 2.432682e-01 2.811838e-01 1.474253e+00 -2.691853e+00 5.910357e-01 -2.317186e+00 1.566031e+00 2.350954e+00 2.763958e+00
1.959113e-01 2.444240e-01 2.831585e-01 1.474690e+00 -2.693141e+00 5.912440e-01 -2.319034e+00 1.566455e+00 2.350977e+00 2.764058e+00
1.953496e-01 2.455978e-01 2.851594e-01 1.475125e+00 -2.694420e+00 5.914534e-01 -2.320864e+00 1.566876e+00 2.351004e+00 2.764160e+00
1.947955e-01 2.467898e-01 2.871870e-01 1.475558e+00 -2.695692e+00 5.916639e-01 -2.322674e+00 1.567294e+00 2.351036e+00 2.764265e+00
1.942488e-01 2.480005e-01 2.892421e-01 1.475990e+00 -2.696955e+00 5.918757e-01 -2.324465e+00 1.567708e+00 2.351073e+00 2.764373e+00
1.937094e-01 2.492300e-01 2.913252e-01 1.476421e+00 -2.698211e+00 5.920887e-01 -2.326236e+00 1.568120e+00 2.351114e+00 2.764483e+00
1.931772e-01 2.504789e-01 2.934371e-01 1.476851e+00 -2.699458e+00 5.923029e-01 -2.327989e+00 1.568528e+00 2.351160e+00 2.764595e+00
1.926519e-01 2.517475e-01 2.955783e-01 1.477279e+00 -2.700698e+00 5.925183e-01 -2.329723e+00 1.568934e+00 2.351210e+00 2.764709e+00
1.921335e-01 2.530361e-01 2.977498e-01 1.477707e+00 -2.701931e+00 5.927351e-01 -2.331438e+00 1.569337e+00 2.351264e+00 2.764826e+00
1.916218e-01 2.543452e-01 2.999521e-01 1.478134e+00 -2.703156e+00 5.929531e-01 -2.333135e+00 1.569738e+00 2.351322e+00 2.764944e+00
1.911169e-01 2.556752e-01 3.021862e-01 1.478560e+00 -2.704373e+00 5.931725e-01 -2.334814e+00 1.570136e+00 2.351385e+00 2.765064e+00
1.906184e-01 2.570266e-01 3.044529e-01 1.478985e+00 -2.705584e+00 5.933932e-01 -2.336474e+00 1.570532e+00 2.351451e+00 2.765186e+00
1.901265e-01 2.583997e-01 3.067530e-01 1.479410e+00 -2.706788e+00 5.936153e-01 -2.338116e+00 1.570925e+00 2.351522e+00 2.765310e+00
1.896410e-01 2.597953e-01 3.090875e-01 1.479834e+00 -2.707985e+00 5.938387e-01 -2.339741e+00 1.571316e+00 2.351597e+00 2.765435e+00
1.891618e-01 2.612136e-01 3.114574e-01 1.480257e+00 -2.709175e+00 5.940636e-01 -2.341348e+00 1.571705e+00 2.351675e+00 2.765562e+00
1.886890e-01 2.626554e-01 3.138636e-01 1.480680e+00 -2.710358e+00 5.942899e-01 -2.342939e+00 1.572091e+00 2.351757e+00 2.765690e+00
1.882224e-01 2.641212e-01 3.163073e-01 1.481103e+00 -2.711535e+00 5.945176e-01 -2.344513e+00 1.572476e+00 2.351843e+00 2.765820e+00
1.877621e-01 2.656117e-01 3.187896e-01 1.481526e+00 -2.712706e+00 5.947469e-01 -2.346070e+00 1.572859e+00 2.351932e+00 2.765951e+00
1.873080e-01 2.671274e-01 3.213117e-01 1.481949e+00 -2.713870e+00 5.949776e-01 -2.347611e+00 1.573239e+00 2.352025e+00 2.766083e+00
1.868601e-01 2.686691e-01 3.238749e-01 1.482372e+00 -2.715028e+00 5.952098e-01 -2.349137e+00 1.573618e+00 2.352121e+00 2.766216e+00
1.864185e-01 2.702375e-01 3.264806e-01 1.482795e+00 -2.716181e+00 5.954436e-01 -2.350648e+00 1.573996e+00 2.352220e+00 2.766350e+00
1.859832e-01 2.718335e-01 3.291301e-01 1.483218e+00 -2.717327e+00 5.956790e-01 -2.352144e+00 1.574371e+00 2.352323e+00 2.766486e+00
1.855541e-01 2.734579e-01 3.318251e-01 1.483641e+00 -2.718468e+00 5.959160e-01 -2.353625e+00 1.574745e+00 2.352428e+00 2.766623e+00
1.851314e-01 2.751115e-01 3.345670e-01 1.484065e+00 -2.719603e+00 5.961546e-01 -2.355093e+00 1.575118e+00 2.352536e+00 2.766760e+00
1.847152e-01 2.767954e-01 3.373578e-01 1.484489e+00 -2.720732e+00 5.963948e-01 -2.356547e+00 1.575489e+00 2.352647e+00 2.766899e+00
1.843054e-01 2.785106e-01 3.401991e-01 1.484914e+00 -2.721857e+00 5.966367e-01 -2.357989e+00 1.575859e+00 2.352761e+00 2.767038e+00
1.839022e-01 2.802581e-01 3.430930e-01 1.485339e+00 -2.722976e+00 5.968803e-01 -2.359418e+00 1.576227e+00 2.352877e+00 2.767179e+00
1.835057e-01 2.820393e-01 3.460416e-01 1.485766e+00 -2.724089e+00 5.971257e-01 -2.360835e+00 1.576594e+00 2.352996e+00 2.767320e+00
1.831161e-01 2.838553e-01 3.490472e-01 1.486193e+00 -2.725198e+00 5.973729e-01 -2.362242e+00 1.576961e+00 2.353117e+00 2.767462e+00
